2233 0.092224 0.368541 0.138090 0.219409
2234 0.217656 0.362403 0.096663 0.191791
2235 0.347115 0.386953 0.097814 0.176448
2236 0.467368 0.399227 0.085155 0.179517
2237 0.572662 0.411502 0.090909 0.170311
2238 0.727437 0.406132 0.154200 0.208669
2239 0.875884 0.419941 0.105869 0.196394
2240 0.089923 0.627843 0.142693 0.210203
2241 0.220533 0.650090 0.120829 0.144227
2242 0.344813 0.612499 0.120829 0.173379
2235 0.466217 0.630144 0.096663 0.150364
2236 0.584169 0.639350 0.084005 0.150364
2243 0.720533 0.643953 0.135788 0.168776
2241 0.858047 0.653159 0.116226 0.156502
