2245 0.120418 0.407666 0.081703 0.125815
2294 0.270015 0.419941 0.120829 0.181051
2331 0.414434 0.427612 0.096663 0.177982
2332 0.559428 0.458299 0.112773 0.165708
2260 0.683133 0.466738 0.102417 0.118143
2333 0.788427 0.456765 0.094361 0.196394
2314 0.925366 0.477478 0.133487 0.142693
2335 0.116390 0.594855 0.108170 0.177982
2336 0.270015 0.618637 0.095512 0.161105
2337 0.408105 0.624774 0.100115 0.164173
2338 0.550797 0.633213 0.090909 0.159570
2339 0.695792 0.644720 0.125432 0.127349
2234 0.806839 0.640884 0.087457 0.171845
2340 0.925366 0.667735 0.073648 0.151899
