2341 0.116965 0.425311 0.111623 0.161105
2253 0.294756 0.436051 0.126582 0.167242
2342 0.447230 0.442956 0.116226 0.171845
2318 0.587046 0.464436 0.098964 0.156502
2316 0.699244 0.474410 0.095512 0.124281
2256 0.797057 0.487451 0.088608 0.159570
2344 0.897172 0.489753 0.107020 0.164173
2238 0.141706 0.652392 0.147296 0.173379
2239 0.294180 0.653159 0.088608 0.184120
2249 0.444928 0.647022 0.104718 0.190257
2250 0.570360 0.656228 0.111623 0.141158
2347 0.702696 0.650858 0.102417 0.133487
2348 0.809140 0.657762 0.085155 0.122746
2286 0.914434 0.658529 0.107020 0.139624
