2349 0.119842 0.444490 0.124281 0.174914
2350 0.252178 0.462135 0.078251 0.112006
2351 0.378185 0.451395 0.120829 0.148830
2352 0.503041 0.469039 0.096663 0.138090
2309 0.604882 0.455998 0.081703 0.050633
2353 0.709025 0.470574 0.115075 0.141158
2354 0.810291 0.469807 0.094361 0.158036
2276 0.135953 0.640117 0.112773 0.133487
2355 0.267713 0.643186 0.104718 0.139624
2356 0.389693 0.645487 0.100115 0.156502
2318 0.498438 0.627075 0.082854 0.128884
2357 0.633076 0.637816 0.096663 0.156502
2358 0.726862 0.640884 0.079402 0.110472
2359 0.833306 0.654693 0.105869 0.147296
