2360 0.133651 0.340156 0.103567 0.128884
2361 0.268864 0.348594 0.113924 0.142693
2362 0.416735 0.363938 0.094361 0.145761
2363 0.530659 0.401529 0.071346 0.162639
2364 0.639405 0.387720 0.104718 0.110472
2365 0.767713 0.393090 0.117376 0.179517
2366 0.884514 0.399227 0.095512 0.136555
2367 0.148611 0.538851 0.110472 0.087457
2236 0.270015 0.538851 0.074799 0.142693
2263 0.405803 0.541153 0.090909 0.159570
2368 0.543317 0.572607 0.096663 0.124281
2369 0.654365 0.563401 0.118527 0.151899
2370 0.760809 0.561099 0.080552 0.156502
2371 0.866102 0.582580 0.088608 0.113540
