2286 0.145159 0.396159 0.101266 0.161105
2372 0.271741 0.406899 0.117376 0.161105
2373 0.402926 0.424544 0.085155 0.153433
2374 0.514549 0.439887 0.105869 0.165708
2375 0.631925 0.435284 0.105869 0.162639
2307 0.732040 0.448326 0.094361 0.115075
2376 0.839635 0.452162 0.088608 0.174914
2349 0.144583 0.600992 0.102417 0.153433
2378 0.296482 0.597156 0.130035 0.139624
2379 0.423064 0.587183 0.095512 0.131952
2253 0.534111 0.587183 0.121979 0.131952
2380 0.651488 0.574908 0.082854 0.122746
2381 0.740095 0.592553 0.092060 0.108937
2382 0.837334 0.589484 0.086306 0.096663
