2321 0.137103 0.441421 0.105869 0.162639
2383 0.264261 0.454463 0.090909 0.182585
2300 0.383363 0.470574 0.089758 0.202532
2247 0.496712 0.508932 0.086306 0.092060
2384 0.609485 0.499726 0.109321 0.156502
2385 0.743548 0.506630 0.103567 0.145761
2366 0.856321 0.495123 0.094361 0.141158
2387 0.131925 0.646255 0.125432 0.136555
2388 0.253904 0.652392 0.086306 0.130418
2309 0.381062 0.639350 0.064442 0.055236
2389 0.497287 0.653159 0.078251 0.131952
2245 0.623870 0.661598 0.080552 0.124281
2390 0.758507 0.658529 0.096663 0.099731
2264 0.873007 0.662365 0.107020 0.174914
