2392 0.116390 0.429914 0.096663 0.194860
2393 0.241246 0.426078 0.090909 0.199463
2311 0.379336 0.439120 0.100115 0.151899
2394 0.503617 0.455230 0.111623 0.141158
2395 0.657241 0.441421 0.078251 0.138090
2236 0.756781 0.459833 0.079402 0.153433
2373 0.855745 0.471341 0.077100 0.176448
2368 0.120993 0.634747 0.115075 0.131952
2237 0.256206 0.620171 0.107020 0.142693
2360 0.385090 0.618637 0.086306 0.148830
2398 0.515124 0.604060 0.079402 0.125815
2399 0.637103 0.628610 0.090909 0.119678
2273 0.744123 0.637049 0.084005 0.142693
2401 0.858622 0.643953 0.101266 0.168776
