2402 0.091073 0.440654 0.151899 0.151899
2286 0.241246 0.451395 0.109321 0.139624
2403 0.386240 0.446792 0.118527 0.179517
2363 0.504192 0.470574 0.082854 0.147296
2405 0.628473 0.454463 0.110472 0.136555
2255 0.753329 0.436818 0.081703 0.153433
2349 0.851142 0.448326 0.081703 0.154967
2408 0.093375 0.650858 0.138090 0.130418
2245 0.239520 0.652392 0.066743 0.105869
2409 0.396597 0.633213 0.104718 0.159570
2315 0.515124 0.637816 0.095512 0.125815
2411 0.651488 0.624007 0.103567 0.138090
2412 0.759658 0.651625 0.103567 0.156502
2258 0.870130 0.651625 0.085155 0.113540
