2414 0.113513 0.412269 0.136939 0.196394
2415 0.268864 0.416105 0.118527 0.148830
2405 0.402351 0.415338 0.109321 0.153433
2416 0.512823 0.406899 0.090909 0.182585
2417 0.644008 0.411502 0.095512 0.151899
2362 0.760809 0.424544 0.080552 0.144227
2253 0.890268 0.422242 0.130035 0.142693
2353 0.107184 0.614801 0.131185 0.138090
2419 0.264836 0.618637 0.105869 0.154967
2330 0.413858 0.613266 0.123130 0.131952
2378 0.543893 0.613266 0.113924 0.128884
2422 0.664721 0.599458 0.100115 0.174914
2423 0.782098 0.607129 0.097814 0.165708
2424 0.910981 0.604828 0.113924 0.170311
