2425 0.127322 0.341690 0.093211 0.110472
2409 0.255630 0.347060 0.101266 0.154967
2427 0.382788 0.365472 0.074799 0.112006
2428 0.482328 0.354732 0.087457 0.151899
2429 0.590498 0.379281 0.089758 0.142693
2429 0.695792 0.384651 0.072497 0.141158
2430 0.795331 0.388487 0.073648 0.167242
2431 0.108910 0.527344 0.086306 0.153433
2503 0.256206 0.528111 0.065593 0.121212
2433 0.381637 0.535783 0.090909 0.145761
2434 0.504192 0.550359 0.096663 0.128884
2435 0.610061 0.547290 0.080552 0.122746
2562 0.709600 0.550359 0.072497 0.107403
2241 0.808565 0.549592 0.095512 0.121212
