2437 0.120993 0.490520 0.133487 0.128884
2245 0.276344 0.465204 0.085155 0.118143
2556 0.413283 0.459066 0.085155 0.145761
2439 0.532385 0.446024 0.084005 0.141158
2440 0.640556 0.457532 0.088608 0.112006
2378 0.757357 0.446024 0.098964 0.119678
2442 0.855745 0.427612 0.095512 0.141158
2405 0.127322 0.662365 0.104718 0.119678
2390 0.283248 0.653159 0.089758 0.138090
2237 0.434572 0.629377 0.090909 0.148830
2444 0.549071 0.624774 0.094361 0.142693
2309 0.656091 0.605595 0.066743 0.042961
2273 0.741821 0.627843 0.081703 0.127349
2446 0.855170 0.624774 0.103567 0.182585
