2454 0.136528 0.531180 0.130035 0.136555
2245 0.258507 0.547290 0.067894 0.104334
2307 0.379911 0.541153 0.101266 0.110472
2247 0.492684 0.558798 0.087457 0.087457
2455 0.594526 0.548057 0.086306 0.145761
2263 0.698093 0.566469 0.093211 0.161105
2592 0.811442 0.562634 0.101266 0.122746
2315 0.125021 0.733711 0.127733 0.161105
2653 0.256781 0.741383 0.094361 0.213272
2457 0.382213 0.709162 0.103567 0.158036
2458 0.506493 0.718368 0.105869 0.127349
2459 0.603732 0.701490 0.093211 0.136555
2341 0.709600 0.704559 0.079402 0.124281
2460 0.811442 0.686147 0.085155 0.118143
2558 0.924790 0.674640 0.093211 0.119678
