2462 0.075538 0.350896 0.093211 0.131952
2463 0.211902 0.368541 0.117376 0.154967
2464 0.355170 0.376212 0.097814 0.115075
2465 0.466793 0.373144 0.074799 0.145761
2466 0.561729 0.389254 0.080552 0.156502
2307 0.674503 0.416872 0.092060 0.101266
2349 0.764836 0.399995 0.081703 0.150364
2468 0.848841 0.414571 0.079402 0.151899
2469 0.069209 0.526577 0.105869 0.170311
2487 0.206724 0.533481 0.070196 0.138090
2247 0.363801 0.544222 0.089758 0.098197
2300 0.469670 0.536550 0.080552 0.153433
2410 0.577840 0.532714 0.082854 0.118143
2254 0.694065 0.536550 0.105869 0.138090
2473 0.786701 0.546523 0.097814 0.105869
2474 0.871856 0.551893 0.074799 0.119678
