2263 0.107184 0.369308 0.105869 0.174914
2336 0.229739 0.374678 0.086306 0.176448
2378 0.365527 0.396159 0.113924 0.142693
2379 0.481752 0.385418 0.086306 0.151899
2476 0.592800 0.399995 0.119678 0.159570
2474 0.707874 0.393857 0.082854 0.159570
2263 0.807989 0.396926 0.085155 0.165708
2705 0.893720 0.413803 0.072497 0.159570
2477 0.104307 0.583347 0.111623 0.185654
2478 0.233766 0.604060 0.092060 0.144227
2479 0.349992 0.573374 0.096663 0.156502
2279 0.486931 0.591786 0.094361 0.107403
2688 0.596252 0.566469 0.103567 0.161105
2481 0.721108 0.579511 0.102417 0.144227
2269 0.816045 0.566469 0.069045 0.130418
2565 0.908680 0.588717 0.081703 0.131952
