2482 0.108335 0.335553 0.080552 0.125815
2483 0.208450 0.342457 0.075949 0.127349
2484 0.291879 0.366239 0.079402 0.085923
2485 0.382213 0.353965 0.094361 0.141158
2486 0.490958 0.366239 0.100115 0.110472
2487 0.583594 0.353965 0.069045 0.150364
2488 0.699819 0.350129 0.108170 0.142693
2271 0.809140 0.356266 0.108170 0.142693
2489 0.110061 0.502028 0.095512 0.173379
2665 0.208450 0.508932 0.078251 0.119678
2490 0.305113 0.501260 0.087457 0.141158
2343 0.385665 0.515069 0.069045 0.141158
2492 0.501890 0.499726 0.089758 0.135021
2493 0.610636 0.510466 0.102417 0.128884
2659 0.714203 0.527344 0.093211 0.141158
2261 0.809140 0.527344 0.092060 0.159570
