2247 0.119267 0.450627 0.072497 0.095129
2247 0.257932 0.452162 0.087457 0.079785
2287 0.378185 0.442189 0.077100 0.151899
2245 0.467943 0.462902 0.051784 0.113540
2496 0.566332 0.458299 0.069045 0.153433
2618 0.660118 0.452162 0.090909 0.131952
2478 0.786701 0.439120 0.104718 0.136555
2498 0.888542 0.428380 0.087457 0.167242
2384 0.121568 0.660064 0.130035 0.158036
2500 0.260809 0.643186 0.067894 0.130418
2281 0.386816 0.643953 0.096663 0.125815
2501 0.490958 0.655461 0.090909 0.105869
2373 0.588772 0.656995 0.081703 0.185654
2432 0.685435 0.642419 0.086306 0.153433
2504 0.808565 0.635514 0.093211 0.185654
2596 0.912708 0.618637 0.101266 0.173379
