2254 0.084744 0.386186 0.127733 0.153433
2506 0.243548 0.386953 0.107020 0.167242
2507 0.364376 0.406132 0.084005 0.141158
2508 0.453559 0.409201 0.064442 0.153433
2509 0.565757 0.393857 0.079402 0.171845
2510 0.694065 0.407666 0.108170 0.156502
2511 0.814894 0.417639 0.092060 0.167242
2251 0.939175 0.454463 0.098964 0.112006
2513 0.084169 0.595622 0.085155 0.112006
2554 0.244698 0.592553 0.093211 0.170311
2515 0.365527 0.572607 0.093211 0.133487
2566 0.469670 0.595622 0.062140 0.105869
2420 0.584169 0.604828 0.120829 0.139624
2516 0.702121 0.581813 0.085155 0.145761
2517 0.816620 0.587950 0.100115 0.124281
2518 0.932270 0.588717 0.103567 0.131952
