2519 0.096827 0.430681 0.096663 0.128884
2520 0.223409 0.445257 0.092060 0.148830
2521 0.355170 0.447778 0.107020 0.144227
2522 0.471396 0.463888 0.093211 0.127349
2523 0.583018 0.471560 0.093211 0.170311
2524 0.692339 0.477697 0.077100 0.148830
2471 0.784974 0.484602 0.085155 0.122746
2526 0.883363 0.491287 0.081703 0.139624
2527 0.093375 0.624774 0.117376 0.139624
2247 0.219382 0.649323 0.077100 0.090526
2397 0.351718 0.637816 0.100115 0.156502
2528 0.496712 0.633980 0.111623 0.154967
2498 0.604307 0.630144 0.078251 0.147296
2529 0.700395 0.643186 0.074799 0.130418
2530 0.794180 0.655461 0.082854 0.188723
2531 0.896597 0.638583 0.096663 0.145761
