2258 0.127322 0.373911 0.100115 0.147296
2259 0.265412 0.393090 0.100115 0.176448
2260 0.381637 0.393090 0.090909 0.136555
2261 0.509946 0.407666 0.101266 0.208669
2262 0.646309 0.416105 0.109321 0.170311
2263 0.780371 0.413803 0.092060 0.184120
2264 0.902351 0.430681 0.089758 0.184120
2607 0.141706 0.589484 0.096663 0.148830
2266 0.266563 0.612499 0.079402 0.139624
2267 0.399474 0.613266 0.124281 0.141158
2268 0.530084 0.607129 0.104718 0.150364
2269 0.643432 0.613266 0.075949 0.141158
2699 0.760233 0.631678 0.058688 0.168776
2271 0.879336 0.639350 0.103567 0.153433
