2368 0.134802 0.444490 0.119678 0.113540
2444 0.255055 0.435284 0.100115 0.153433
2547 0.382788 0.435284 0.063291 0.107403
2548 0.469670 0.419174 0.075949 0.145761
2549 0.574963 0.423009 0.070196 0.135021
2245 0.667023 0.423777 0.058688 0.096663
2366 0.755055 0.419174 0.069045 0.115075
2307 0.839635 0.417639 0.081703 0.090526
2410 0.117541 0.610198 0.080552 0.141158
2413 0.243548 0.621705 0.100115 0.105869
2437 0.381062 0.601759 0.094361 0.127349
2785 0.500164 0.594855 0.081703 0.113540
2263 0.589923 0.585649 0.072497 0.138090
2391 0.680256 0.591019 0.078251 0.145761
2543 0.771166 0.597923 0.082854 0.104334
2378 0.862075 0.586416 0.094361 0.121212
