2357 0.113513 0.368541 0.134638 0.164173
2786 0.243548 0.390021 0.090909 0.139624
2787 0.354595 0.393090 0.108170 0.151899
2482 0.477725 0.379281 0.082854 0.130418
2360 0.589923 0.402296 0.074799 0.151899
2550 0.701545 0.409968 0.090909 0.139624
2307 0.819497 0.417639 0.110472 0.130418
2544 0.929969 0.426845 0.085155 0.182585
2543 0.088197 0.599458 0.113924 0.113540
2544 0.239520 0.581813 0.089758 0.158036
2550 0.382213 0.577210 0.094361 0.142693
2709 0.497863 0.571840 0.104718 0.165708
2550 0.603156 0.596389 0.094361 0.150364
2239 0.708450 0.597156 0.086306 0.176448
2552 0.816620 0.607896 0.113924 0.164173
2320 0.942627 0.600225 0.096663 0.118143
