2247 0.062880 0.452929 0.090909 0.115075
2514 0.168749 0.413036 0.081703 0.179517
2317 0.275768 0.427612 0.074799 0.165708
2502 0.392569 0.453696 0.075949 0.162639
2438 0.509370 0.427612 0.107020 0.196394
2557 0.667023 0.429914 0.123130 0.158036
2461 0.802236 0.425311 0.087457 0.170311
2559 0.930544 0.445367 0.127733 0.224012
2560 0.059428 0.621705 0.077100 0.167242
2561 0.183133 0.649323 0.115075 0.151899
2328 0.300510 0.654693 0.089758 0.125815
2336 0.398899 0.642419 0.070196 0.168776
2563 0.526632 0.671571 0.123130 0.174914
2241 0.674503 0.685380 0.117376 0.150364
2565 0.802811 0.683079 0.127733 0.170311
2245 0.927092 0.714532 0.070196 0.113540
