2567 0.130199 0.426078 0.082854 0.159570
2568 0.230889 0.442956 0.084005 0.141158
2569 0.362075 0.456765 0.111623 0.144227
2307 0.473697 0.454463 0.074799 0.115075
2261 0.575538 0.453696 0.089758 0.159570
2550 0.688887 0.461368 0.090909 0.135021
2570 0.804537 0.455998 0.082854 0.179517
2571 0.937449 0.481314 0.120829 0.125815
2550 0.114664 0.611732 0.067894 0.135021
2572 0.225711 0.622472 0.071346 0.141158
2573 0.358622 0.620171 0.079402 0.154967
2572 0.478300 0.629377 0.086306 0.154967
2574 0.584169 0.643953 0.088608 0.150364
2309 0.694641 0.637049 0.070196 0.056770
2575 0.812017 0.653926 0.123130 0.130418
2263 0.941476 0.653926 0.098964 0.176448
