2518 0.065757 0.461368 0.117376 0.150364
2363 0.211327 0.483616 0.097814 0.151899
2300 0.347690 0.485150 0.092060 0.185654
2572 0.471971 0.483616 0.098964 0.176448
2579 0.579566 0.492054 0.097814 0.144227
2580 0.713628 0.495890 0.117376 0.108937
2581 0.821223 0.492054 0.093211 0.205600
2582 0.936298 0.488986 0.123130 0.187188
2583 0.073812 0.692285 0.096663 0.179517
2584 0.206724 0.683846 0.090909 0.150364
2431 0.349992 0.702258 0.098964 0.220944
2585 0.491534 0.699956 0.121979 0.151899
2586 0.611212 0.673105 0.092060 0.153433
2499 0.719382 0.674640 0.082854 0.144227
2587 0.829854 0.672338 0.094361 0.170311
2588 0.939175 0.677708 0.094361 0.138090
