2589 0.037564 0.447559 0.067894 0.150364
2293 0.164721 0.462902 0.096663 0.110472
2257 0.274042 0.459833 0.089758 0.131952
2494 0.373582 0.456765 0.067894 0.125815
2289 0.475999 0.455230 0.081703 0.128884
2368 0.565757 0.469039 0.086306 0.122746
2254 0.663571 0.465971 0.088608 0.119678
2593 0.767138 0.465204 0.084005 0.133487
2594 0.874157 0.462135 0.095512 0.145761
2595 0.045619 0.635514 0.079402 0.145761
2505 0.158392 0.626308 0.074799 0.154967
2597 0.274042 0.630144 0.078251 0.135021
2568 0.378760 0.630144 0.087457 0.153433
2586 0.492109 0.619404 0.081703 0.144227
2647 0.573237 0.624007 0.075949 0.138090
2601 0.673927 0.623240 0.088608 0.124281
2601 0.774042 0.623240 0.081703 0.130418
2603 0.893720 0.632446 0.116226 0.151899
