2360 0.105458 0.352430 0.102417 0.159570
2248 0.211327 0.353197 0.095512 0.158036
2326 0.333881 0.350129 0.098964 0.170311
2279 0.447805 0.373911 0.082854 0.128884
2606 0.560579 0.353197 0.103567 0.145761
2265 0.671050 0.358568 0.094361 0.150364
2608 0.753329 0.354732 0.072497 0.096663
2376 0.831580 0.356266 0.072497 0.127349
2610 0.916160 0.386186 0.085155 0.153433
2611 0.092224 0.561099 0.121979 0.147296
2788 0.210176 0.544989 0.072497 0.124281
2612 0.325826 0.546523 0.080552 0.191791
2613 0.439750 0.540386 0.073648 0.130418
2614 0.563455 0.531180 0.100115 0.130418
2612 0.671050 0.527344 0.073648 0.177982
2298 0.759083 0.506630 0.077100 0.170311
2616 0.837334 0.510466 0.067894 0.177982
2587 0.916160 0.533481 0.071346 0.138090
