2497 0.084744 0.416105 0.120829 0.164173
2619 0.210176 0.432983 0.097814 0.176448
2620 0.324100 0.415338 0.090909 0.135021
2621 0.439750 0.419941 0.089758 0.144227
2622 0.543317 0.419174 0.071346 0.142693
2335 0.635953 0.424544 0.079402 0.147296
2361 0.736643 0.432983 0.071346 0.096663
2625 0.834457 0.421475 0.085155 0.128884
2626 0.921338 0.416872 0.065593 0.168776
2627 0.076689 0.600225 0.113924 0.151899
2516 0.204422 0.590252 0.093211 0.141158
2629 0.326977 0.607129 0.089758 0.119678
2630 0.455285 0.584114 0.084005 0.116609
2631 0.558852 0.589484 0.067894 0.112006
2632 0.646885 0.592553 0.073648 0.139624
2633 0.752178 0.581813 0.088608 0.154967
2634 0.849992 0.586416 0.081703 0.127349
2309 0.932846 0.579511 0.063291 0.052167
