2532 0.077840 0.475177 0.102417 0.150364
2635 0.242397 0.458299 0.100115 0.171845
2636 0.378760 0.462902 0.092060 0.150364
2637 0.484054 0.462902 0.079402 0.150364
2396 0.581867 0.472875 0.070196 0.142693
2639 0.687161 0.485150 0.101266 0.167242
2569 0.789577 0.459833 0.094361 0.138090
2461 0.881637 0.455998 0.059839 0.130418
2642 0.953559 0.464436 0.058688 0.171845
2328 0.069209 0.669270 0.094361 0.139624
2643 0.234342 0.656995 0.107020 0.158036
2606 0.373007 0.647789 0.094361 0.108937
2326 0.486355 0.656228 0.081703 0.144227
2644 0.594526 0.644720 0.088608 0.161105
2644 0.688887 0.639350 0.077100 0.141158
2645 0.794180 0.654913 0.087457 0.165708
2505 0.880487 0.653378 0.069045 0.147296
2600 0.953559 0.664886 0.077100 0.139624
