2454 0.147460 0.389254 0.078251 0.128884
2454 0.236068 0.398460 0.082854 0.141158
2649 0.332731 0.387720 0.094361 0.110472
2650 0.447230 0.383884 0.093211 0.121212
2509 0.540441 0.365472 0.063291 0.133487
2652 0.621568 0.372377 0.071346 0.107403
2456 0.719382 0.370842 0.071346 0.171845
2533 0.798208 0.379281 0.070196 0.087457
2655 0.918461 0.374678 0.121979 0.142693
2656 0.137103 0.565702 0.096663 0.147296
2316 0.244698 0.561866 0.067894 0.115075
2263 0.341361 0.548057 0.079402 0.148830
2657 0.457587 0.569538 0.100115 0.142693
2384 0.559428 0.568771 0.075949 0.116609
2659 0.646309 0.577977 0.086306 0.128884
2445 0.736643 0.571840 0.078251 0.135021
2664 0.826977 0.571072 0.100115 0.148830
2662 0.927092 0.552660 0.084005 0.145761
