2272 0.103732 0.369308 0.126582 0.220944
2400 0.242972 0.414571 0.082854 0.139624
2235 0.398323 0.436051 0.112773 0.158036
2236 0.531235 0.436818 0.093211 0.177982
2274 0.675078 0.449860 0.111623 0.124281
2445 0.801660 0.457532 0.095512 0.151899
2275 0.917310 0.469039 0.110472 0.168776
2534 0.108335 0.607896 0.108170 0.158036
2590 0.248151 0.607129 0.090909 0.162639
2277 0.408105 0.632446 0.109321 0.151899
2278 0.534687 0.630144 0.102417 0.159570
2532 0.682558 0.641652 0.103567 0.112006
2280 0.793605 0.633980 0.090909 0.154967
2281 0.920763 0.655461 0.087457 0.105869
