2663 0.066332 0.399227 0.081703 0.115075
2661 0.182558 0.411502 0.088608 0.108937
2379 0.295907 0.416872 0.078251 0.113540
2368 0.401200 0.422242 0.088608 0.115075
2405 0.503041 0.426845 0.075949 0.121212
2668 0.591073 0.443723 0.070196 0.124281
2669 0.672201 0.439120 0.062140 0.130418
2315 0.764261 0.444490 0.087457 0.144227
2671 0.888542 0.460601 0.126582 0.139624
2263 0.050797 0.566469 0.080552 0.145761
2672 0.173927 0.574908 0.094361 0.131952
2673 0.288427 0.585649 0.088608 0.125815
2674 0.389117 0.576443 0.082854 0.113540
2358 0.497863 0.588717 0.084005 0.095129
2676 0.593375 0.591786 0.077100 0.135021
2248 0.677955 0.591019 0.066743 0.115075
2678 0.766563 0.596389 0.073648 0.104334
2679 0.867253 0.600225 0.074799 0.093594
