2352 0.084169 0.397693 0.115075 0.127349
2681 0.226862 0.397693 0.089758 0.133487
2682 0.335607 0.408433 0.084005 0.108937
2683 0.441476 0.413803 0.086306 0.125815
2684 0.531810 0.423009 0.078251 0.156502
2685 0.641131 0.419941 0.096663 0.122746
2686 0.745849 0.416105 0.098964 0.142693
2538 0.840786 0.425311 0.088608 0.112006
2480 0.934572 0.424544 0.078251 0.135021
2689 0.081867 0.574908 0.078251 0.104334
2690 0.222259 0.570305 0.105869 0.153433
2691 0.355170 0.573374 0.107020 0.116609
2692 0.455861 0.571840 0.092060 0.141158
2693 0.540441 0.560332 0.072497 0.099731
2694 0.652638 0.558031 0.080552 0.116609
2695 0.748151 0.561866 0.094361 0.133487
2317 0.851718 0.571840 0.073648 0.128884
2237 0.936298 0.554962 0.088608 0.122746
