2696 0.065757 0.488986 0.082854 0.141158
2697 0.190613 0.498959 0.084005 0.136555
2247 0.302811 0.512001 0.092060 0.088991
2501 0.422489 0.514302 0.098964 0.105869
2698 0.530084 0.495890 0.074799 0.121212
2667 0.634226 0.502795 0.089758 0.128884
2270 0.732615 0.508165 0.074799 0.154967
2700 0.845389 0.499726 0.088608 0.122746
2300 0.958162 0.500493 0.081703 0.158036
2498 0.055976 0.657762 0.072497 0.150364
2702 0.184284 0.647022 0.101266 0.135021
2703 0.295331 0.647789 0.086306 0.133487
2614 0.420763 0.650858 0.072497 0.105869
2704 0.542167 0.654693 0.096663 0.122746
2336 0.643432 0.654693 0.082854 0.122746
2258 0.757357 0.656995 0.087457 0.127349
2259 0.863801 0.648556 0.095512 0.122746
