2260 0.060003 0.347827 0.087457 0.131952
2544 0.175078 0.357033 0.087457 0.153433
2262 0.291304 0.363171 0.092060 0.135021
2263 0.405228 0.367006 0.075949 0.139624
2264 0.505918 0.378514 0.079402 0.138090
2265 0.612362 0.385418 0.075949 0.118143
2266 0.702696 0.393857 0.086306 0.128884
2267 0.826401 0.396926 0.119678 0.122746
2268 0.942627 0.385418 0.087457 0.127349
2269 0.051948 0.518138 0.087457 0.125815
2270 0.168174 0.522741 0.071346 0.141158
2271 0.284399 0.503562 0.066743 0.142693
2706 0.411557 0.528111 0.109321 0.115075
2381 0.518001 0.535783 0.075949 0.108937
2708 0.615815 0.529645 0.096663 0.121212
2551 0.724560 0.531947 0.090909 0.135021
2384 0.829278 0.537317 0.086306 0.108937
2621 0.939175 0.526577 0.085155 0.142693
