2258 0.054825 0.367006 0.097814 0.118143
2259 0.162995 0.368541 0.072497 0.133487
2260 0.270015 0.380048 0.072497 0.119678
2261 0.370705 0.387720 0.089758 0.150364
2262 0.480602 0.387720 0.088608 0.122746
2263 0.585320 0.390789 0.077100 0.147296
2264 0.681983 0.414571 0.079402 0.154967
2265 0.784399 0.409968 0.084005 0.130418
2266 0.887966 0.426078 0.088608 0.122746
2267 0.055976 0.541920 0.097814 0.136555
2268 0.171626 0.524275 0.092060 0.125815
2269 0.264261 0.534248 0.065593 0.127349
2699 0.373007 0.548057 0.071346 0.158036
2271 0.476574 0.532714 0.062140 0.130418
2706 0.587621 0.550359 0.081703 0.116609
2501 0.701545 0.560332 0.093211 0.099731
2708 0.791304 0.565702 0.077100 0.138090
2551 0.902926 0.555729 0.118527 0.136555
