2384 0.111787 0.417639 0.096663 0.118143
2621 0.210751 0.423009 0.071346 0.113540
2282 0.309140 0.422242 0.079402 0.115075
2247 0.396597 0.432215 0.067894 0.076717
2446 0.484629 0.441421 0.075949 0.131952
2284 0.576114 0.440654 0.077100 0.115075
2285 0.653789 0.446024 0.062140 0.098197
2286 0.740095 0.437586 0.075949 0.130418
2287 0.844813 0.446792 0.075949 0.121212
2288 0.119267 0.594855 0.107020 0.119678
2264 0.215930 0.582580 0.072497 0.131952
2289 0.314894 0.590252 0.090909 0.116609
2235 0.401200 0.590252 0.070196 0.122746
2236 0.491534 0.593320 0.073648 0.116609
2290 0.578415 0.579511 0.084005 0.113540
2291 0.669900 0.574141 0.071346 0.108937
2330 0.751603 0.587183 0.085155 0.101266
2510 0.847115 0.581046 0.069045 0.128884
