2414 0.087621 0.429147 0.105869 0.141158
2789 0.197518 0.445257 0.058688 0.105869
2328 0.293605 0.440654 0.071346 0.112006
2476 0.420187 0.438353 0.105869 0.135021
2576 0.532385 0.422242 0.100115 0.124281
2713 0.643432 0.416105 0.094361 0.127349
2649 0.746424 0.432983 0.079402 0.105869
2715 0.852869 0.415338 0.096663 0.122746
2716 0.943778 0.421475 0.069045 0.082854
2403 0.081292 0.598690 0.095512 0.130418
2718 0.198093 0.591786 0.082854 0.110472
2720 0.409831 0.584881 0.087457 0.121212
2491 0.305113 0.593320 0.069045 0.122746
2721 0.543893 0.565702 0.074799 0.128884
2722 0.649186 0.559565 0.096663 0.128884
2263 0.760809 0.548825 0.069045 0.119678
2724 0.851142 0.559565 0.086306 0.135021
