2725 0.085895 0.421475 0.116226 0.147296
2726 0.209600 0.429914 0.073648 0.108937
2727 0.315469 0.423777 0.094361 0.118143
2728 0.410981 0.432983 0.055236 0.121212
2729 0.496137 0.439887 0.082854 0.113540
2730 0.585895 0.442189 0.066743 0.130418
2292 0.690613 0.455230 0.080552 0.125815
2293 0.805113 0.479780 0.116226 0.128884
2294 0.908680 0.479780 0.086306 0.147296
2284 0.075538 0.587183 0.077100 0.101266
2295 0.204997 0.578744 0.082854 0.112006
2296 0.317771 0.577977 0.096663 0.110472
2297 0.413283 0.576443 0.069045 0.116609
2615 0.496137 0.575675 0.062140 0.127349
2299 0.596827 0.575675 0.065593 0.118143
2300 0.699244 0.585649 0.067894 0.122746
2300 0.787851 0.597923 0.063291 0.122746
2301 0.906954 0.614801 0.096663 0.116609
