2302 0.093950 0.441421 0.088608 0.147296
2446 0.202696 0.461368 0.096663 0.165708
2790 0.328128 0.479780 0.096663 0.092060
2269 0.435147 0.472875 0.066743 0.136555
2567 0.539865 0.475177 0.089758 0.156502
2248 0.633651 0.497425 0.067894 0.127349
2309 0.720533 0.490520 0.055236 0.046030
2575 0.807989 0.511233 0.096663 0.121212
-1 0.000000 0.000000 0.000000 0.000000
2574 0.916735 0.512768 0.081703 0.121212
2311 0.078415 0.637816 0.087457 0.122746
2366 0.195216 0.630911 0.084005 0.102800
2589 0.302811 0.635514 0.085155 0.133487
2275 0.423640 0.633980 0.078251 0.148830
2405 0.550797 0.640884 0.093211 0.131952
2310 0.652063 0.650858 0.086306 0.121212
2279 0.748151 0.637816 0.071346 0.119678
2731 0.828703 0.643953 0.078251 0.138090
2732 0.922489 0.648556 0.079402 0.119678
