2282 0.054250 0.420708 0.092060 0.188723
2247 0.188887 0.454463 0.105869 0.118143
2446 0.346539 0.442189 0.121979 0.207135
2284 0.520878 0.469807 0.118527 0.185654
2285 0.664721 0.488219 0.095512 0.154967
2286 0.793605 0.487451 0.088608 0.168776
2287 0.929969 0.496657 0.103567 0.168776
2585 0.055976 0.676174 0.107020 0.165708
2391 0.202696 0.673873 0.105869 0.167242
2591 0.348841 0.680777 0.121979 0.171845
2235 0.523755 0.723738 0.096663 0.162639
2317 0.665872 0.721437 0.077100 0.130418
2290 0.779796 0.740616 0.109321 0.165708
2291 0.908680 0.744452 0.116226 0.167242
