2292 0.112362 0.449860 0.100115 0.170311
2293 0.259083 0.467505 0.115075 0.135021
2294 0.407529 0.466738 0.101266 0.176448
2284 0.564606 0.477478 0.116226 0.148830
2295 0.682558 0.479013 0.092060 0.133487
2296 0.805688 0.482081 0.124281 0.145761
2297 0.913283 0.492054 0.088608 0.147296
2298 0.122144 0.647022 0.094361 0.171845
2299 0.268289 0.624993 0.101266 0.145761
2300 0.414434 0.644172 0.078251 0.159570
2300 0.558277 0.634199 0.078251 0.154967
2301 0.690038 0.673325 0.090909 0.162639
2302 0.816620 0.656447 0.090909 0.135021
2283 0.909831 0.664119 0.090909 0.165708
