2294 0.152638 0.419174 0.104718 0.197929
2303 0.287276 0.448326 0.100115 0.204066
2470 0.417310 0.432983 0.081703 0.145761
2304 0.520878 0.456765 0.086306 0.236287
2305 0.634802 0.454463 0.107020 0.191791
2306 0.752178 0.470574 0.081703 0.135021
2291 0.878760 0.473642 0.107020 0.165708
2256 0.141131 0.656995 0.084005 0.191791
2590 0.287276 0.664667 0.109321 0.148830
2307 0.412708 0.680777 0.086306 0.144227
2308 0.522029 0.703025 0.111623 0.191791
2309 0.634226 0.693819 0.096663 0.065976
2245 0.757932 0.733711 0.084005 0.136555
2281 0.882788 0.729876 0.128884 0.150364
