2310 0.106033 0.415338 0.149597 0.153433
2279 0.239520 0.434517 0.108170 0.136555
2311 0.343663 0.423777 0.102417 0.164173
2303 0.454134 0.458299 0.090909 0.202532
2249 0.575538 0.438353 0.094361 0.190257
2312 0.698093 0.469039 0.102417 0.159570
2313 0.806839 0.464436 0.115075 0.168776
2334 0.106033 0.684613 0.131185 0.154967
2525 0.241246 0.663899 0.109321 0.153433
2316 0.360348 0.673873 0.085155 0.118143
2236 0.462765 0.688449 0.103567 0.162639
2318 0.592224 0.669270 0.081703 0.136555
2319 0.702121 0.665434 0.108170 0.131952
2553 0.824675 0.671571 0.088608 0.110472
