2321 0.083018 0.404598 0.115075 0.168776
2322 0.221108 0.403063 0.087457 0.162639
2249 0.329854 0.416872 0.100115 0.187188
2323 0.484054 0.429147 0.143843 0.181051
2324 0.644008 0.447559 0.095512 0.165708
2325 0.772316 0.449860 0.098964 0.191791
2301 0.901200 0.496657 0.128884 0.168776
2309 0.095101 0.616335 0.109321 0.055236
2605 0.218231 0.637816 0.104718 0.141158
2244 0.343087 0.655022 0.085155 0.161105
2327 0.471396 0.654255 0.104718 0.196394
2328 0.666447 0.664228 0.082854 0.130418
2300 0.776344 0.657324 0.079402 0.165708
2286 0.900049 0.672667 0.117376 0.131952
