1 0.091705 0.213657 0.082949 0.155387
2 0.244931 0.213657 0.101382 0.168336
3 0.380876 0.214467 0.092166 0.195853
4 0.508180 0.200708 0.065668 0.181285
5 0.630876 0.197471 0.101382 0.148913
6 0.769700 0.194234 0.118664 0.181285
7 0.916014 0.178048 0.118664 0.174811
8 0.079032 0.447547 0.103687 0.169955
9 0.218433 0.458068 0.124424 0.152150
10 0.364171 0.435408 0.091014 0.158624
3 0.489171 0.451594 0.103687 0.165099
4 0.619931 0.442691 0.086406 0.176429
11 0.744355 0.450785 0.102535 0.186141
9 0.901613 0.445119 0.112903 0.181285
501 0.102650 0.742945 0.104839 0.181285
502 0.232834 0.751847 0.095622 0.144057
503 0.357834 0.720284 0.103687 0.187759
504 0.507028 0.728377 0.074885 0.174811
505 0.629147 0.727568 0.118664 0.192615
552 0.750691 0.787457 0.092166 0.108447
