13 0.075000 0.171342 0.077189 0.118272
98 0.223618 0.162244 0.104839 0.136467
99 0.356682 0.174375 0.096774 0.166793
100 0.494355 0.169068 0.114055 0.150114
28 0.641244 0.158454 0.092166 0.113723
101 0.763364 0.172859 0.110599 0.169826
82 0.922926 0.177407 0.132488 0.142533
103 0.067512 0.370736 0.108295 0.162244
104 0.197696 0.358606 0.076037 0.162244
105 0.356106 0.369978 0.116359 0.181956
106 0.482258 0.359364 0.108295 0.169826
107 0.626843 0.356331 0.100230 0.175891
2 0.747811 0.363913 0.095622 0.145565
108 0.894124 0.371494 0.102535 0.133435
