109 0.085945 0.194198 0.092166 0.145064
21 0.225922 0.190299 0.125576 0.162222
110 0.354954 0.190299 0.104839 0.162222
86 0.496659 0.188739 0.097926 0.127906
84 0.629147 0.180160 0.095622 0.113867
24 0.775461 0.188739 0.107143 0.146623
112 0.911406 0.173920 0.102535 0.151303
6 0.105530 0.406334 0.156682 0.185619
18 0.231106 0.407114 0.092166 0.190299
113 0.361866 0.393856 0.153226 0.182499
18 0.493779 0.393856 0.103687 0.151303
115 0.633756 0.381377 0.123272 0.163782
116 0.774885 0.382157 0.122120 0.159102
54 0.898733 0.389176 0.123272 0.188739
501 0.208641 0.694122 0.137097 0.237093
502 0.333065 0.722979 0.107143 0.141944
503 0.460369 0.684763 0.105991 0.237093
504 0.566935 0.696462 0.102535 0.207457
505 0.725922 0.679304 0.132488 0.235533
552 0.865899 0.745596 0.089862 0.131025
