117 0.045046 0.193924 0.070276 0.170533
118 0.202880 0.196942 0.109447 0.140350
119 0.348041 0.191660 0.120968 0.132804
120 0.489747 0.182606 0.125576 0.153932
77 0.640668 0.181851 0.107143 0.107149
121 0.769124 0.197697 0.140553 0.162987
122 0.903341 0.199961 0.125576 0.164496
44 0.041590 0.415013 0.079493 0.181097
123 0.189631 0.409731 0.122120 0.215807
124 0.333641 0.385585 0.119816 0.173551
86 0.458641 0.386339 0.097926 0.156950
125 0.620507 0.390867 0.135945 0.175060
126 0.761060 0.384830 0.124424 0.153932
127 0.894124 0.408976 0.125576 0.196188
506 0.147581 0.697222 0.114055 0.235425
507 0.280645 0.688921 0.133641 0.224862
508 0.425806 0.691940 0.126728 0.252026
509 0.537558 0.739477 0.085253 0.144877
510 0.670622 0.698731 0.123272 0.244480
551 0.780645 0.716840 0.078341 0.244480
