128 0.074424 0.188559 0.096774 0.119791
129 0.220737 0.192996 0.138249 0.131622
130 0.349194 0.197433 0.123272 0.131622
172 0.499539 0.206306 0.115207 0.158242
132 0.631452 0.193735 0.100230 0.162679
133 0.756452 0.204827 0.129032 0.158242
134 0.904493 0.204088 0.130184 0.150847
135 0.072120 0.410394 0.117512 0.155284
4 0.200000 0.396344 0.099078 0.212961
31 0.349194 0.397084 0.118664 0.175989
136 0.497235 0.391168 0.110599 0.152326
137 0.614171 0.381555 0.107143 0.153805
138 0.751267 0.400781 0.127880 0.204088
139 0.888940 0.429619 0.126728 0.208524
513 0.197696 0.664024 0.129032 0.204088
514 0.326728 0.661067 0.110599 0.204088
515 0.467857 0.655891 0.084101 0.199651
550 0.549654 0.671419 0.049539 0.147890
516 0.652765 0.671419 0.094470 0.218877
517 0.738594 0.703955 0.067972 0.165636
