54 0.078456 0.209072 0.109447 0.158808
140 0.230530 0.195960 0.137097 0.147152
141 0.377419 0.195960 0.092166 0.155894
142 0.510484 0.195960 0.148618 0.167549
143 0.657373 0.195231 0.140553 0.180662
75 0.789862 0.187218 0.105991 0.150066
144 0.912558 0.193774 0.139401 0.166092
117 0.076728 0.441456 0.108295 0.218543
189 0.218433 0.430529 0.129032 0.217086
147 0.361866 0.416688 0.095622 0.171920
21 0.480530 0.413774 0.123272 0.174834
148 0.623963 0.394834 0.124424 0.154437
149 0.771429 0.406489 0.124424 0.136953
150 0.916014 0.400661 0.125576 0.148609
518 0.190783 0.706621 0.133641 0.253509
519 0.312903 0.746687 0.108295 0.126755
520 0.441359 0.698608 0.132488 0.243311
521 0.555991 0.719734 0.089862 0.215629
522 0.717281 0.700793 0.177419 0.241854
523 0.870507 0.737945 0.138249 0.158808
