89 0.079032 0.195433 0.112903 0.171004
151 0.221889 0.198487 0.105991 0.174058
68 0.355530 0.192379 0.094470 0.177111
15 0.476498 0.195433 0.096774 0.143521
152 0.642396 0.190089 0.124424 0.151155
153 0.789862 0.203831 0.115207 0.154209
134 0.907373 0.196196 0.092166 0.135887
155 0.063479 0.417585 0.116359 0.151155
156 0.217857 0.429037 0.153226 0.149628
77 0.363018 0.396210 0.095622 0.093136
157 0.466129 0.406134 0.108295 0.158789
13 0.625115 0.406134 0.115207 0.155736
158 0.758756 0.393920 0.138249 0.143521
32 0.887788 0.422929 0.094470 0.207648
524 0.194816 0.717758 0.132488 0.248872
525 0.313479 0.752875 0.081797 0.178638
526 0.454032 0.697146 0.116359 0.216809
527 0.554263 0.733790 0.079493 0.125199
528 0.675806 0.695620 0.101382 0.287042
529 0.796198 0.727683 0.067972 0.207648
