160 0.067512 0.226058 0.105991 0.214940
161 0.216705 0.245329 0.107143 0.241623
79 0.354954 0.197152 0.125576 0.133411
162 0.494931 0.204564 0.131336 0.142305
163 0.646429 0.196411 0.127880 0.170470
4 0.776037 0.180846 0.110599 0.136376
141 0.917166 0.174917 0.093318 0.136376
136 0.056567 0.452857 0.095622 0.185293
5 0.178687 0.460269 0.114055 0.200117
128 0.353802 0.427657 0.104839 0.179364
166 0.476498 0.412834 0.105991 0.191223
167 0.621083 0.408387 0.118664 0.140823
213 0.769124 0.444704 0.119816 0.201599
169 0.904493 0.422469 0.144009 0.174917
530 0.187903 0.722645 0.125576 0.262376
531 0.304839 0.734503 0.080645 0.176399
532 0.455184 0.687809 0.125576 0.266823
533 0.560023 0.719680 0.065668 0.155647
534 0.729954 0.704856 0.133641 0.214940
535 0.843433 0.751550 0.054147 0.163058
