170 0.080760 0.164484 0.111751 0.161666
54 0.229954 0.168934 0.092166 0.117171
485 0.372235 0.178574 0.134793 0.145351
131 0.500115 0.171900 0.120968 0.126070
173 0.648733 0.181540 0.118664 0.130519
23 0.778341 0.167450 0.131336 0.170565
117 0.930415 0.175608 0.135945 0.148317
176 0.087097 0.382511 0.156682 0.164632
334 0.220737 0.360263 0.108295 0.164632
177 0.365899 0.372870 0.124424 0.216543
178 0.506452 0.375095 0.149770 0.173531
179 0.655645 0.388443 0.111751 0.164632
180 0.791014 0.388443 0.124424 0.170565
26 0.924078 0.401792 0.134793 0.191329
536 0.175806 0.649482 0.126728 0.194296
537 0.307719 0.689528 0.114055 0.182430
538 0.439055 0.640583 0.132488 0.188363
539 0.549654 0.671729 0.077189 0.126070
540 0.647005 0.644291 0.124424 0.195779
541 0.754724 0.676921 0.065668 0.124587
