182 0.083641 0.192948 0.103687 0.194467
183 0.234562 0.200544 0.129032 0.182313
173 0.363018 0.199025 0.100230 0.154966
184 0.499539 0.198265 0.101382 0.174716
185 0.651037 0.182313 0.107143 0.185351
130 0.784677 0.181553 0.107143 0.138254
244 0.913710 0.184592 0.107143 0.141292
121 0.072696 0.430714 0.116359 0.168639
187 0.216129 0.433752 0.105991 0.186871
98 0.356106 0.419319 0.146313 0.182313
189 0.482258 0.414002 0.089862 0.174716
190 0.615899 0.406405 0.133641 0.192948
191 0.757028 0.410204 0.104839 0.188390
192 0.883180 0.435272 0.133641 0.247641
542 0.212097 0.732289 0.199309 0.224852
543 0.372235 0.749761 0.111751 0.126100
544 0.498387 0.713298 0.108295 0.238526
545 0.590553 0.749761 0.066820 0.165601
546 0.664286 0.688230 0.092166 0.285623
547 0.766244 0.720895 0.061060 0.202063
548 0.846313 0.726212 0.094470 0.249161
549 0.937327 0.755078 0.069124 0.164081
