193 0.083641 0.162970 0.099078 0.165427
177 0.212673 0.156418 0.089862 0.162151
195 0.353226 0.150686 0.085253 0.104825
196 0.464401 0.165427 0.109447 0.186719
197 0.625691 0.162151 0.109447 0.153961
197 0.768548 0.151505 0.120968 0.171978
198 0.916590 0.157237 0.126728 0.144134
199 0.072120 0.375076 0.092166 0.216201
200 0.197696 0.367706 0.117512 0.191633
201 0.342857 0.386542 0.133641 0.189995
202 0.495507 0.391455 0.139401 0.189995
203 0.618779 0.369344 0.097926 0.165427
96 0.743779 0.364430 0.115207 0.149048
9 0.899885 0.375895 0.127880 0.181806
