12 0.090553 0.199890 0.105991 0.243131
13 0.243203 0.181940 0.107143 0.177861
14 0.371083 0.180309 0.139401 0.200705
15 0.505876 0.183572 0.120968 0.158280
16 0.636636 0.172150 0.129032 0.177861
17 0.793894 0.181124 0.134793 0.176229
114 0.930991 0.180309 0.118664 0.194178
19 0.070392 0.403043 0.116359 0.186020
21 0.232834 0.416913 0.114055 0.200705
22 0.373963 0.410385 0.145161 0.200705
20 0.507028 0.398963 0.111751 0.184388
23 0.635484 0.401411 0.145161 0.228445
24 0.788710 0.393252 0.122120 0.192547
25 0.932719 0.406306 0.115207 0.205601
506 0.176959 0.700021 0.188940 0.283925
507 0.338825 0.717155 0.097926 0.259448
508 0.504724 0.708996 0.162442 0.308401
509 0.659101 0.724498 0.093318 0.208864
510 0.787558 0.700837 0.158986 0.249658
551 0.925806 0.702469 0.076037 0.269239
