205 0.077880 0.173461 0.099078 0.143920
13 0.232258 0.158312 0.108295 0.122711
206 0.364747 0.150737 0.099078 0.146950
207 0.489171 0.150737 0.112903 0.168159
208 0.644700 0.148465 0.126728 0.115136
189 0.774885 0.130285 0.112903 0.115136
210 0.913710 0.132558 0.107143 0.140890
435 0.068088 0.357528 0.109447 0.166644
158 0.202880 0.327986 0.118664 0.131800
5 0.351498 0.340106 0.130184 0.159069
212 0.495507 0.318139 0.111751 0.163614
77 0.635484 0.302989 0.117512 0.096957
213 0.766820 0.302989 0.124424 0.142405
51 0.915438 0.311322 0.126728 0.177249
