215 0.069816 0.202692 0.087558 0.221402
216 0.217281 0.160594 0.080645 0.146562
217 0.348041 0.166051 0.123272 0.129411
218 0.494355 0.159815 0.097926 0.179304
243 0.657949 0.164492 0.093318 0.141884
136 0.797926 0.153578 0.142857 0.179304
219 0.932143 0.159035 0.104839 0.155917
44 0.070968 0.423314 0.085253 0.145003
101 0.197696 0.440465 0.122120 0.216724
24 0.333065 0.437346 0.125576 0.219843
26 0.484562 0.425653 0.135945 0.190218
221 0.625115 0.410840 0.122120 0.207369
7 0.745507 0.406943 0.111751 0.196455
31 0.872811 0.386673 0.138249 0.174627
