222 0.066359 0.171311 0.129032 0.182313
223 0.632604 0.147736 0.134793 0.144593
225 0.327880 0.366197 0.105991 0.169740
226 0.465553 0.370912 0.120968 0.213746
227 0.608986 0.377985 0.140553 0.212174
228 0.891244 0.364626 0.175115 0.207459
239 0.065207 0.410204 0.115207 0.220033
246 0.751267 0.370127 0.097926 0.183885
334 0.479378 0.138306 0.139401 0.194886
360 0.922350 0.139092 0.122120 0.171311
13 0.214977 0.168168 0.094470 0.163453
224 0.201152 0.382700 0.096774 0.161881
75 0.346313 0.150880 0.126728 0.132020
31 0.776037 0.145379 0.092166 0.146165
