230 0.078646 0.205669 0.130601 0.179882
231 0.210200 0.172963 0.122974 0.177366
232 0.366063 0.165416 0.137274 0.159755
233 0.496187 0.165416 0.113441 0.189945
234 0.626311 0.174850 0.114395 0.188687
235 0.910391 0.153466 0.122021 0.166045
237 0.069590 0.396872 0.139180 0.164787
238 0.203527 0.387438 0.098189 0.161013
239 0.616778 0.384922 0.148713 0.176108
240 0.790276 0.359763 0.122021 0.176108
241 0.928980 0.347184 0.140133 0.158497
75 0.771687 0.140257 0.138227 0.162271
15 0.343661 0.381777 0.090562 0.149692
68 0.477121 0.386180 0.107722 0.186171
