31 0.097465 0.178248 0.099078 0.152784
37 0.897581 0.346152 0.139401 0.173474
104 0.919470 0.144827 0.104839 0.162333
242 0.791014 0.152784 0.094470 0.143235
104 0.224194 0.182227 0.099078 0.186206
146 0.373963 0.162333 0.158986 0.159150
147 0.497235 0.166312 0.082949 0.189389
21 0.651613 0.155967 0.133641 0.146418
228 0.083641 0.417770 0.138249 0.211670
246 0.216129 0.418565 0.103687 0.206895
247 0.325576 0.398672 0.112903 0.170291
47 0.483986 0.388327 0.137097 0.152784
248 0.642396 0.377982 0.142857 0.221219
249 0.778341 0.353314 0.092166 0.171882
