250 0.064055 0.161587 0.101382 0.174017
251 0.217857 0.152265 0.107143 0.152265
252 0.349770 0.158480 0.119816 0.118083
253 0.481106 0.160810 0.133641 0.163141
254 0.645853 0.155372 0.131336 0.136728
255 0.768548 0.142166 0.088710 0.138281
256 0.907949 0.128959 0.144009 0.142943
257 0.052535 0.414067 0.094470 0.231505
433 0.189055 0.396199 0.111751 0.223736
258 0.324424 0.388431 0.131336 0.236166
259 0.462673 0.369786 0.096774 0.198877
260 0.606106 0.365902 0.134793 0.200430
261 0.778341 0.334051 0.138249 0.164695
427 0.922350 0.351141 0.108295 0.192662
