15 0.071544 0.169767 0.107143 0.189959
15 0.232258 0.177246 0.129032 0.139104
55 0.360138 0.177246 0.103687 0.210900
13 0.490899 0.153314 0.093318 0.127138
264 0.631554 0.167084 0.117255 0.200501
265 0.776454 0.157802 0.117255 0.149757
109 0.915634 0.162133 0.102002 0.146044
267 0.062917 0.375630 0.120114 0.169559
166 0.185415 0.381199 0.105815 0.155945
49 0.326978 0.368823 0.171592 0.168322
269 0.476168 0.373154 0.103908 0.134905
141 0.615348 0.371298 0.092469 0.158420
200 0.772164 0.384293 0.112488 0.189362
272 0.909914 0.383056 0.107722 0.204214
