275 0.362726 0.148562 0.086749 0.130936
274 0.215920 0.149191 0.143947 0.154857
276 0.492850 0.151080 0.125834 0.158634
277 0.643947 0.135972 0.140133 0.115828
278 0.780744 0.155486 0.106768 0.182555
279 0.933746 0.164299 0.121068 0.207735
281 0.060057 0.368887 0.080076 0.151080
282 0.197807 0.370775 0.119161 0.177519
283 0.354147 0.356297 0.163012 0.173742
284 0.776454 0.346225 0.121068 0.158634
285 0.921830 0.355667 0.123928 0.169965
334 0.492850 0.346854 0.068637 0.162411
98 0.632507 0.333005 0.145853 0.212771
22 0.070543 0.154227 0.112488 0.142267
