287 0.072927 0.175353 0.109628 0.165333
288 0.204957 0.168464 0.118208 0.174100
289 0.346044 0.161575 0.125834 0.155313
290 0.490467 0.159070 0.149666 0.152807
291 0.636320 0.160323 0.119161 0.157818
292 0.778360 0.156565 0.130601 0.197898
293 0.922784 0.155313 0.108675 0.175353
295 0.056244 0.397675 0.097235 0.229211
296 0.496187 0.359473 0.140133 0.217939
297 0.776454 0.333170 0.140133 0.145292
298 0.922784 0.358847 0.112488 0.199151
15 0.213537 0.395796 0.162059 0.187878
165 0.342231 0.383897 0.095329 0.204161
469 0.632984 0.343191 0.102955 0.205413
