300 0.231649 0.179136 0.102955 0.179136
301 0.368923 0.185064 0.125834 0.156744
302 0.499523 0.158061 0.108675 0.160696
303 0.624881 0.161354 0.105815 0.169916
304 0.924690 0.177161 0.131554 0.172550
306 0.063870 0.392519 0.112488 0.184405
307 0.202574 0.401081 0.102002 0.212066
308 0.333651 0.382640 0.118208 0.193625
309 0.507150 0.376055 0.135367 0.196260
310 0.630124 0.362883 0.099142 0.183088
311 0.761201 0.358273 0.117255 0.160696
312 0.910867 0.372103 0.111535 0.164647
149 0.776454 0.167282 0.128694 0.150158
50 0.080076 0.155427 0.110582 0.181771
