26 0.077693 0.203080 0.145853 0.193222
27 0.226406 0.202423 0.119161 0.191908
28 0.369876 0.195851 0.135367 0.194536
29 0.500000 0.176134 0.098189 0.212939
30 0.639657 0.170219 0.125834 0.151160
31 0.786940 0.173505 0.098189 0.197165
32 0.938036 0.164304 0.114395 0.197165
33 0.087226 0.469911 0.134414 0.208995
34 0.228789 0.448222 0.118208 0.186650
35 0.381792 0.439021 0.145853 0.236598
36 0.524309 0.438364 0.120114 0.251057
37 0.637274 0.418648 0.092469 0.219511
38 0.764061 0.427849 0.122974 0.237913
39 0.905148 0.427849 0.115348 0.216882
511 0.132507 0.738713 0.125834 0.220825
512 0.285033 0.750543 0.087703 0.239227
513 0.419924 0.717024 0.157293 0.235284
514 0.545758 0.715710 0.077216 0.195851
515 0.655863 0.711110 0.081983 0.210310
550 0.724500 0.738055 0.043851 0.172191
