75 0.895138 0.416543 0.123928 0.215891
83 0.077216 0.422893 0.091516 0.215891
134 0.916587 0.163188 0.105815 0.148584
181 0.214967 0.434958 0.113441 0.219701
314 0.244042 0.182873 0.104862 0.177793
315 0.360820 0.155569 0.088656 0.133345
316 0.488561 0.181603 0.092469 0.190492
317 0.631077 0.168903 0.150620 0.177793
31 0.612965 0.412099 0.118208 0.242560
32 0.758341 0.415908 0.098189 0.204462
553 0.468065 0.415273 0.116301 0.190492
205 0.340801 0.401304 0.124881 0.213352
13 0.776930 0.155569 0.091516 0.143504
136 0.085796 0.173348 0.108675 0.153664
