311 0.070543 0.415360 0.114395 0.179374
312 0.205434 0.415360 0.102002 0.220084
318 0.346520 0.420449 0.111535 0.227716
319 0.484747 0.416632 0.138227 0.242982
318 0.650143 0.400730 0.123928 0.218811
318 0.918494 0.363837 0.136320 0.188280
318 0.786463 0.157748 0.135367 0.147570
311 0.911821 0.145662 0.100095 0.136121
125 0.088179 0.179374 0.121068 0.180647
554 0.210677 0.169833 0.106768 0.166653
555 0.348904 0.173014 0.131554 0.178102
250 0.491420 0.164745 0.122974 0.148843
128 0.642993 0.166017 0.115348 0.128488
7 0.784557 0.381012 0.125834 0.192096
