282 0.232126 0.172187 0.107722 0.154719
323 0.357483 0.171564 0.080076 0.165949
324 0.633937 0.172187 0.129647 0.174683
325 0.786463 0.172187 0.122021 0.194647
326 0.926120 0.152224 0.115348 0.149728
328 0.072450 0.396156 0.108675 0.203381
329 0.223070 0.391789 0.156339 0.202133
330 0.360343 0.384926 0.097235 0.178426
331 0.655386 0.391165 0.132507 0.198390
332 0.788847 0.379311 0.107722 0.179674
333 0.916587 0.368082 0.122974 0.187160
104 0.487607 0.374944 0.113441 0.218354
164 0.505720 0.165949 0.109628 0.167196
15 0.058627 0.160958 0.107722 0.152224
