335 0.089133 0.161314 0.136320 0.207859
336 0.224023 0.163227 0.102955 0.163227
337 0.357007 0.154301 0.132507 0.158126
338 0.923737 0.147924 0.091516 0.153025
340 0.214967 0.355146 0.132507 0.161952
341 0.359867 0.341757 0.136320 0.153025
340 0.503813 0.343032 0.092469 0.168328
342 0.638227 0.350683 0.105815 0.158126
343 0.912297 0.328622 0.144900 0.190006
312 0.648236 0.144991 0.118208 0.177254
311 0.502383 0.148180 0.108675 0.140273
77 0.780744 0.322628 0.102955 0.089265
318 0.791706 0.135172 0.103908 0.137723
318 0.063870 0.348770 0.110582 0.138998
