286 0.086273 0.149426 0.113441 0.133796
131 0.222116 0.149426 0.097235 0.121292
68 0.354623 0.156304 0.081983 0.152552
340 0.491897 0.148801 0.108675 0.157554
347 0.623928 0.142549 0.117255 0.150051
348 0.783127 0.144424 0.113441 0.121292
349 0.919924 0.176936 0.144900 0.178811
351 0.075786 0.392635 0.107722 0.165057
352 0.191611 0.374503 0.102955 0.191316
199 0.337941 0.348244 0.121068 0.156304
56 0.477598 0.353246 0.122021 0.168808
367 0.626311 0.348870 0.127741 0.197568
267 0.760248 0.331364 0.128694 0.197568
355 0.896568 0.352621 0.107722 0.165057
