357 0.087226 0.191709 0.102002 0.174060
358 0.363680 0.197795 0.084843 0.164322
359 0.634890 0.199013 0.142993 0.176494
360 0.795043 0.198404 0.095329 0.148499
363 0.074833 0.427847 0.102002 0.176494
364 0.213537 0.440019 0.123928 0.208142
365 0.352717 0.416892 0.114395 0.169191
366 0.467588 0.422369 0.115348 0.185015
367 0.617255 0.418109 0.126787 0.222748
368 0.773117 0.438802 0.137274 0.254395
369 0.906578 0.426021 0.102955 0.211793
61 0.215443 0.214228 0.120114 0.175277
427 0.483317 0.217879 0.095329 0.177712
22 0.918494 0.194144 0.102002 0.166757
