379 0.060057 0.399910 0.102955 0.181670
380 0.326978 0.408168 0.125834 0.169873
381 0.467588 0.382215 0.111535 0.198186
382 0.622974 0.395191 0.107722 0.188748
380 0.757865 0.377496 0.110582 0.202904
383 0.931840 0.358621 0.107722 0.207623
376 0.924690 0.167514 0.112488 0.127405
375 0.776454 0.156897 0.117255 0.174592
374 0.639657 0.150998 0.118208 0.169873
373 0.352717 0.159846 0.114395 0.171053
372 0.230219 0.156307 0.077216 0.159256
128 0.073403 0.159846 0.093422 0.159256
47 0.499047 0.155717 0.102002 0.150998
556 0.195901 0.405808 0.100095 0.169873
