386 0.062440 0.185663 0.121068 0.166457
387 0.217350 0.203124 0.114395 0.182753
388 0.349380 0.183335 0.117255 0.147832
389 0.483317 0.189737 0.125834 0.188573
390 0.621068 0.191483 0.090562 0.164128
391 0.757388 0.160636 0.130601 0.190901
392 0.906578 0.158308 0.108675 0.148996
395 0.061010 0.405665 0.114395 0.194393
396 0.202574 0.401591 0.143947 0.195557
397 0.328885 0.392861 0.099142 0.175769
398 0.465682 0.401009 0.153480 0.196721
399 0.616301 0.384713 0.136320 0.159472
400 0.748808 0.378310 0.107722 0.188573
401 0.881792 0.402173 0.112488 0.236298
