403 0.212107 0.199015 0.142040 0.176342
404 0.349380 0.182640 0.079123 0.191457
405 0.475214 0.189568 0.088656 0.162487
406 0.638227 0.185159 0.092469 0.209091
407 0.765491 0.185789 0.131554 0.182640
408 0.911344 0.181380 0.144900 0.191457
411 0.198761 0.425740 0.134414 0.226726
412 0.622021 0.402438 0.109628 0.225466
412 0.740705 0.395510 0.101049 0.201534
413 0.908484 0.390598 0.139180 0.187678
47 0.061964 0.167651 0.099142 0.192717
330 0.061964 0.403194 0.099142 0.132257
374 0.341277 0.389338 0.104862 0.180121
373 0.469495 0.417679 0.113441 0.229245
