416 0.081983 0.186889 0.108675 0.169676
416 0.234986 0.165987 0.105815 0.150003
417 0.364633 0.178897 0.096282 0.163528
418 0.504290 0.167217 0.116301 0.157380
419 0.640133 0.167217 0.107722 0.167217
420 0.789800 0.155536 0.117255 0.173364
421 0.922307 0.157380 0.134414 0.184430
424 0.078646 0.403287 0.111535 0.196726
425 0.512393 0.383615 0.115348 0.172135
426 0.635367 0.354721 0.126787 0.188119
428 0.899905 0.392713 0.114395 0.228694
84 0.218780 0.403165 0.117255 0.153692
31 0.356530 0.396402 0.089609 0.189348
262 0.777407 0.365049 0.092469 0.175824
