40 0.084843 0.193589 0.129647 0.216862
41 0.231649 0.196895 0.141087 0.215540
42 0.654433 0.188300 0.147760 0.198350
41 0.799333 0.180498 0.121068 0.202317
44 0.081030 0.427113 0.141087 0.177192
45 0.359867 0.407939 0.128694 0.157357
46 0.520972 0.398022 0.136320 0.171903
47 0.675405 0.398683 0.111535 0.160002
48 0.793613 0.403972 0.103908 0.170581
49 0.924214 0.392071 0.130601 0.167936
3 0.380362 0.192399 0.110582 0.204961
4 0.501907 0.181821 0.092469 0.204961
358 0.212583 0.407278 0.125834 0.161324
43 0.939943 0.191077 0.097235 0.170581
516 0.191611 0.692241 0.144900 0.210251
517 0.309342 0.669100 0.073403 0.193060
518 0.436606 0.681001 0.091516 0.235375
519 0.540515 0.718687 0.061010 0.138845
520 0.670162 0.695547 0.125834 0.248598
521 0.779790 0.690257 0.072450 0.259177
