431 0.076263 0.171738 0.123928 0.154316
432 0.215443 0.169249 0.127741 0.139382
433 0.345567 0.155560 0.096282 0.151827
434 0.505720 0.172361 0.109628 0.165516
435 0.653003 0.179205 0.123928 0.169249
436 0.779314 0.163649 0.103908 0.140626
437 0.916587 0.158049 0.102002 0.156805
440 0.197807 0.442413 0.134414 0.180450
441 0.326025 0.407568 0.120114 0.215295
442 0.459962 0.413168 0.121068 0.194139
443 0.617255 0.405701 0.134414 0.161783
444 0.767874 0.417523 0.126787 0.195384
445 0.909914 0.416901 0.117255 0.151827
31 0.060534 0.464814 0.094376 0.232718
