448 0.075310 0.170247 0.125834 0.137214
449 0.212107 0.165800 0.109628 0.174058
450 0.350810 0.155001 0.108675 0.167706
451 0.497617 0.161353 0.112488 0.175329
452 0.635367 0.165165 0.113441 0.177870
453 0.786463 0.169612 0.106768 0.168976
454 0.930887 0.153095 0.105815 0.166435
457 0.046711 0.402748 0.076263 0.177870
458 0.192564 0.413548 0.135367 0.262993
459 0.343184 0.386867 0.112488 0.199468
460 0.463298 0.397666 0.116301 0.223608
461 0.604385 0.369080 0.133460 0.189304
462 0.757388 0.360822 0.111535 0.162624
463 0.906101 0.383056 0.124881 0.194386
