464 0.071497 0.155836 0.087703 0.194796
465 0.214967 0.178968 0.174452 0.202100
466 0.652526 0.175925 0.098189 0.154619
467 0.905148 0.160706 0.122974 0.165576
469 0.073403 0.392635 0.110582 0.230102
470 0.199714 0.399331 0.147760 0.219145
471 0.356530 0.396287 0.142993 0.191143
472 0.643470 0.367677 0.150620 0.187491
473 0.777884 0.375590 0.091516 0.213058
15 0.366063 0.168011 0.089609 0.170446
382 0.495710 0.367068 0.108675 0.171664
267 0.906101 0.365242 0.115348 0.206970
173 0.792183 0.170446 0.118208 0.143662
269 0.504766 0.171055 0.130601 0.149749
