429 0.100095 0.199648 0.139180 0.210222
430 0.233556 0.205246 0.099142 0.208978
431 0.372736 0.198405 0.110582 0.180368
432 0.504290 0.205868 0.150620 0.187831
433 0.649666 0.186587 0.084843 0.174148
434 0.787893 0.188453 0.094376 0.157977
435 0.922307 0.202758 0.102002 0.151758
438 0.080076 0.455273 0.112488 0.194051
439 0.218780 0.447188 0.143947 0.210222
440 0.514299 0.410492 0.132507 0.184100
441 0.652526 0.408004 0.111535 0.189075
442 0.772164 0.400541 0.127741 0.194051
443 0.920400 0.391212 0.121068 0.148026
31 0.346044 0.427285 0.106768 0.212710
