447 0.230696 0.184158 0.139180 0.203476
448 0.363203 0.167417 0.104862 0.180295
449 0.483794 0.168704 0.111535 0.180295
450 0.623451 0.172568 0.104862 0.172568
451 0.779790 0.163553 0.120114 0.141660
452 0.902765 0.161621 0.089609 0.124919
456 0.230219 0.430132 0.115348 0.180295
455 0.092469 0.430776 0.141087 0.171280
457 0.347474 0.424981 0.098189 0.177719
458 0.467588 0.421117 0.117255 0.224081
459 0.616778 0.404376 0.141087 0.180295
460 0.744995 0.399224 0.109628 0.206051
461 0.902288 0.379263 0.153480 0.168704
446 0.086273 0.167417 0.128694 0.200900
