464 0.369399 0.176627 0.132507 0.196252
465 0.494757 0.177240 0.102955 0.190119
466 0.904671 0.175400 0.106768 0.179080
469 0.194948 0.404157 0.132507 0.187666
470 0.333174 0.396797 0.138227 0.214651
471 0.492850 0.402317 0.122021 0.186440
472 0.756911 0.374719 0.137274 0.160681
473 0.899905 0.383305 0.101049 0.165588
475 0.764061 0.171721 0.100095 0.166814
4 0.088179 0.159455 0.088656 0.142283
5 0.217827 0.180307 0.128694 0.181533
15 0.634890 0.162521 0.093422 0.116525
382 0.639180 0.369813 0.075310 0.155775
346 0.061964 0.409676 0.099142 0.201158
