28 0.081030 0.167825 0.091516 0.178538
29 0.212583 0.164255 0.112488 0.192821
30 0.357483 0.147591 0.080076 0.157113
31 0.492374 0.146996 0.067684 0.163064
32 0.628694 0.146996 0.103908 0.151162
33 0.782650 0.144020 0.095329 0.154733
34 0.928980 0.149377 0.084843 0.141640
37 0.061487 0.376119 0.102002 0.159494
38 0.205910 0.385641 0.097235 0.171396
39 0.340801 0.366597 0.092469 0.171396
474 0.498093 0.373144 0.155386 0.186869
475 0.634414 0.353505 0.109628 0.157113
476 0.765491 0.363027 0.141087 0.169016
477 0.911344 0.361836 0.131554 0.188060
