478 0.087703 0.173777 0.099142 0.185679
479 0.240705 0.189845 0.134414 0.201152
50 0.371306 0.167825 0.113441 0.183299
51 0.622498 0.169016 0.167779 0.166635
52 0.781697 0.180323 0.095329 0.132118
53 0.910867 0.169373 0.079123 0.136879
56 0.088656 0.447892 0.160153 0.203533
57 0.333651 0.434799 0.114395 0.191630
58 0.751192 0.400877 0.104862 0.180918
59 0.887989 0.403257 0.109628 0.209484
15 0.481888 0.173539 0.069590 0.159494
159 0.212583 0.424682 0.095329 0.161874
3 0.465682 0.412779 0.121068 0.173777
85 0.607722 0.421111 0.105815 0.173777
