286 0.654433 0.145623 0.124881 0.132594
481 0.794090 0.145623 0.114395 0.127982
482 0.933270 0.130634 0.110582 0.118758
485 0.068160 0.389480 0.109628 0.177560
486 0.222116 0.399280 0.146806 0.169489
487 0.342231 0.375068 0.057197 0.146430
488 0.478074 0.380256 0.128694 0.168336
489 0.602479 0.393515 0.108675 0.176407
490 0.767874 0.380832 0.136320 0.167184
182 0.086273 0.170412 0.102002 0.168336
557 0.228313 0.163494 0.096282 0.182172
96 0.361296 0.151964 0.095329 0.117605
21 0.510963 0.155423 0.131554 0.136053
273 0.898475 0.379218 0.124881 0.183325
