494 0.207817 0.185288 0.093422 0.193061
495 0.340801 0.189676 0.122974 0.169241
496 0.480934 0.177766 0.117255 0.188046
497 0.631554 0.169618 0.111535 0.186792
498 0.776454 0.180273 0.132507 0.185539
63 0.189228 0.402795 0.113441 0.161720
64 0.326978 0.385870 0.133460 0.167988
65 0.480458 0.378975 0.102955 0.139154
66 0.627264 0.355783 0.123928 0.142915
67 0.774547 0.370827 0.113441 0.140408
68 0.900858 0.383363 0.099142 0.175510
60 0.910391 0.171498 0.095329 0.180524
493 0.072450 0.169241 0.122021 0.185539
-1 0.000000 0.000000 0.000000 0.000000
52 0.054337 0.408687 0.097235 0.160466
