50 0.082936 0.211996 0.102955 0.163275
51 0.364156 0.207425 0.106768 0.198543
52 0.488561 0.193710 0.115348 0.163275
53 0.624881 0.194363 0.084843 0.146295
54 0.775500 0.205465 0.109628 0.155438
55 0.908484 0.189138 0.099142 0.180256
56 0.083889 0.433398 0.144900 0.190705
57 0.359390 0.436010 0.129647 0.214217
58 0.779314 0.408580 0.142040 0.190705
59 0.921354 0.399698 0.100095 0.214217
522 0.209247 0.697511 0.191611 0.240341
523 0.377979 0.717105 0.113441 0.130620
526 0.487607 0.668122 0.086749 0.228585
527 0.564824 0.717105 0.056244 0.109721
524 0.664442 0.658325 0.114395 0.219442
525 0.760248 0.691634 0.060057 0.129314
15 0.228313 0.214217 0.098189 0.135845
32 0.228789 0.408841 0.089609 0.190705
3 0.500000 0.395779 0.121068 0.190705
4 0.632507 0.399698 0.090562 0.182868
