51 0.218303 0.169175 0.137274 0.181259
78 0.749762 0.383061 0.138227 0.186093
79 0.102479 0.433814 0.161106 0.190926
77 0.887035 0.156366 0.140133 0.116006
70 0.099142 0.170867 0.076263 0.159508
558 0.364156 0.167846 0.106768 0.146216
37 0.489514 0.169659 0.111535 0.147424
335 0.627741 0.175096 0.115348 0.167967
372 0.748332 0.158783 0.091516 0.149841
154 0.237369 0.419192 0.099142 0.189718
357 0.365586 0.398649 0.121068 0.192135
43 0.489990 0.407108 0.097235 0.184884
173 0.616301 0.411337 0.119161 0.176426
47 0.929457 0.407108 0.104862 0.228387
