60 0.086273 0.200501 0.090562 0.178363
61 0.235939 0.211253 0.134414 0.164449
62 0.368923 0.203031 0.095329 0.178363
63 0.634890 0.193543 0.127741 0.169508
64 0.773117 0.168243 0.114395 0.149269
65 0.894185 0.180261 0.097235 0.175833
66 0.068637 0.445909 0.110582 0.180893
67 0.205910 0.445276 0.114395 0.182158
68 0.360820 0.428199 0.088656 0.198603
68 0.472831 0.409856 0.078170 0.192278
69 0.613918 0.408591 0.116301 0.199868
70 0.758341 0.401634 0.082936 0.180893
528 0.216397 0.692581 0.110582 0.223903
529 0.330791 0.717249 0.074357 0.169508
530 0.467112 0.688786 0.156339 0.277033
531 0.618208 0.717881 0.092469 0.188483
532 0.744042 0.683726 0.084843 0.241613
533 0.832221 0.722941 0.076263 0.112584
52 0.500000 0.211886 0.098189 0.150534
51 0.884175 0.409856 0.143947 0.192278
