71 0.234986 0.189690 0.119161 0.145516
72 0.493327 0.189690 0.115348 0.176698
73 0.631077 0.175398 0.129647 0.155910
74 0.781220 0.177997 0.126787 0.155910
75 0.370353 0.380679 0.121068 0.155910
76 0.520496 0.400168 0.148713 0.197486
77 0.650620 0.368986 0.086749 0.103940
534 0.223546 0.655470 0.103908 0.279338
535 0.356053 0.669762 0.086749 0.149413
536 0.499523 0.613894 0.101049 0.203982
537 0.617255 0.660667 0.073403 0.165004
538 0.741659 0.616493 0.139180 0.219573
539 0.854147 0.653521 0.064824 0.096144
13 0.753098 0.355344 0.104862 0.165004
49 0.907531 0.380030 0.148713 0.185792
59 0.926120 0.161107 0.115348 0.176698
24 0.081030 0.394971 0.080076 0.179296
25 0.222116 0.390424 0.099142 0.177997
12 0.367016 0.189690 0.091516 0.171501
62 0.076740 0.196186 0.124881 0.171501
