78 0.081030 0.175427 0.139180 0.161341
79 0.358913 0.174787 0.113441 0.137012
71 0.487607 0.176707 0.102002 0.158780
80 0.785510 0.181061 0.127741 0.179268
81 0.917064 0.176579 0.099142 0.160061
82 0.075310 0.365451 0.127741 0.128049
83 0.215920 0.353287 0.103908 0.170305
84 0.348904 0.355207 0.123928 0.112683
85 0.490944 0.350085 0.122021 0.135732
86 0.628694 0.343043 0.102002 0.131890
87 0.770257 0.356488 0.120114 0.145976
88 0.919924 0.351366 0.114395 0.174146
47 0.228313 0.176579 0.073403 0.119085
17 0.637274 0.188104 0.096282 0.180549
540 0.140610 0.670207 0.126787 0.181829
541 0.260248 0.698378 0.068637 0.115244
542 0.426120 0.677890 0.171592 0.202317
543 0.593422 0.700299 0.142040 0.126768
544 0.744995 0.659323 0.151573 0.244573
545 0.863680 0.713104 0.064824 0.149817
