546 0.227836 0.696280 0.095329 0.280417
547 0.377026 0.726703 0.075310 0.211635
548 0.525262 0.703555 0.133460 0.257931
549 0.650620 0.757787 0.113441 0.173276
89 0.068637 0.195630 0.102955 0.186504
90 0.223546 0.200260 0.140133 0.174599
91 0.500477 0.192985 0.137274 0.189149
92 0.652526 0.183065 0.111535 0.158726
93 0.786940 0.200921 0.092469 0.218249
94 0.210677 0.413218 0.129647 0.174599
95 0.480934 0.409911 0.143947 0.247349
96 0.618208 0.382795 0.105815 0.174599
97 0.904194 0.412557 0.121068 0.178567
17 0.341754 0.189678 0.096282 0.187826
69 0.900858 0.193646 0.125834 0.190472
77 0.062917 0.415863 0.101049 0.084654
12 0.335558 0.404620 0.097235 0.154758
68 0.756435 0.415202 0.119161 0.202376
