117 0.083641 0.288786 0.108295 0.196621
118 0.227074 0.294931 0.097926 0.172043
119 0.360714 0.295699 0.111751 0.164363
120 0.508180 0.294163 0.097926 0.145929
77 0.611290 0.289555 0.078341 0.133641
121 0.724194 0.298003 0.131336 0.147465
122 0.852650 0.296467 0.102535 0.205837
44 0.105530 0.494624 0.105991 0.153610
123 0.232258 0.486175 0.108295 0.158218
124 0.367051 0.489247 0.112903 0.161290
86 0.501267 0.493856 0.102535 0.158218
125 0.631452 0.495392 0.104839 0.152074
126 0.754147 0.486943 0.105991 0.141321
127 0.868779 0.493088 0.107143 0.150538
513 0.170046 0.668203 0.080645 0.141321
514 0.323272 0.683564 0.085253 0.144393
515 0.454032 0.670507 0.088710 0.133641
550 0.586521 0.698157 0.077189 0.127496
516 0.729954 0.668971 0.096774 0.161290
