54 0.091705 0.278034 0.126728 0.162826
140 0.274309 0.272657 0.123272 0.213518
141 0.404493 0.274962 0.091014 0.187404
142 0.535253 0.286482 0.112903 0.164363
143 0.685023 0.281106 0.117512 0.199693
75 0.807143 0.282642 0.087558 0.172043
144 0.926959 0.291091 0.099078 0.176651
117 0.114747 0.549923 0.145161 0.205837
146 0.296198 0.555300 0.127880 0.133641
147 0.436175 0.544547 0.115207 0.149002
21 0.573848 0.539171 0.134793 0.150538
148 0.701728 0.533794 0.102535 0.142857
149 0.819240 0.536098 0.091014 0.132104
150 0.916590 0.537634 0.073733 0.141321
524 0.246659 0.791091 0.104839 0.190476
525 0.398157 0.818740 0.071429 0.125960
526 0.538134 0.784946 0.120968 0.168971
527 0.694240 0.828725 0.073733 0.105991
528 0.821544 0.797235 0.109447 0.199693
