89 0.130876 0.368664 0.110599 0.165899
151 0.280069 0.376344 0.109447 0.211982
68 0.407949 0.362519 0.095622 0.218126
15 0.540438 0.365591 0.116359 0.156682
152 0.670046 0.373272 0.105991 0.175115
153 0.807143 0.369432 0.103687 0.164363
134 0.916590 0.368664 0.092166 0.172043
155 0.143548 0.572965 0.129032 0.150538
156 0.301382 0.575269 0.117512 0.136713
77 0.416014 0.569892 0.088710 0.107527
157 0.531221 0.576037 0.095622 0.168971
13 0.644700 0.580645 0.092166 0.172043
158 0.788710 0.579877 0.115207 0.176651
32 0.908525 0.579109 0.099078 0.181260
530 0.223041 0.753456 0.087558 0.161290
531 0.392396 0.766513 0.089862 0.178187
532 0.524885 0.761137 0.112903 0.149002
533 0.685023 0.761905 0.082949 0.116743
534 0.808871 0.773425 0.095622 0.130568
