160 0.156797 0.357143 0.084101 0.182796
161 0.287558 0.358679 0.099078 0.216590
79 0.409677 0.369432 0.085253 0.182796
162 0.535830 0.374808 0.123272 0.184332
163 0.665438 0.370968 0.087558 0.152074
4 0.757604 0.371736 0.066820 0.141321
141 0.850346 0.372504 0.088710 0.152074
136 0.176959 0.587558 0.096774 0.149002
5 0.316359 0.595238 0.094470 0.133641
166 0.442512 0.602151 0.091014 0.147465
167 0.564631 0.589862 0.102535 0.132104
41 0.681567 0.589094 0.092166 0.152074
128 0.776037 0.586790 0.094470 0.165899
169 0.868779 0.590630 0.081797 0.192012
536 0.233410 0.773425 0.099078 0.145929
537 0.373963 0.801843 0.101382 0.116743
538 0.531797 0.777266 0.115207 0.141321
539 0.676959 0.813364 0.064516 0.139785
540 0.781797 0.781106 0.119816 0.158218
