170 0.127419 0.342550 0.103687 0.181260
54 0.259908 0.353303 0.115207 0.129032
171 0.392396 0.341782 0.115207 0.167435
131 0.517972 0.347926 0.087558 0.167435
173 0.638364 0.343318 0.102535 0.149002
23 0.759332 0.341014 0.118664 0.190476
117 0.875115 0.341782 0.094470 0.198157
176 0.155645 0.566820 0.134793 0.153610
13 0.278341 0.569124 0.087558 0.124424
177 0.385484 0.569892 0.101382 0.156682
83 0.531797 0.567588 0.115207 0.158218
179 0.651613 0.557604 0.108295 0.138249
180 0.764516 0.576037 0.092166 0.153610
26 0.886636 0.579109 0.089862 0.150538
542 0.221889 0.767281 0.122120 0.136713
543 0.348618 0.799539 0.076037 0.105991
544 0.484562 0.781106 0.089862 0.158218
545 0.608986 0.809524 0.112903 0.144393
546 0.737442 0.784178 0.116359 0.213518
