182 0.058627 0.291706 0.084843 0.174134
183 0.191134 0.294248 0.130601 0.166508
173 0.326978 0.298697 0.080076 0.149984
184 0.438990 0.303781 0.103908 0.200826
185 0.581030 0.295520 0.113441 0.181760
130 0.746902 0.294884 0.134414 0.160153
21 0.906578 0.268192 0.162059 0.188116
121 0.072450 0.517318 0.120114 0.139816
187 0.211630 0.539561 0.118208 0.146171
98 0.345091 0.547823 0.116301 0.149984
146 0.471401 0.561805 0.100095 0.172863
190 0.609152 0.553543 0.125834 0.174134
191 0.751192 0.560534 0.131554 0.190658
192 0.898951 0.568796 0.141087 0.227518
548 0.158723 0.730855 0.124881 0.162695
549 0.296949 0.761360 0.096282 0.124563
501 0.443279 0.755005 0.122021 0.167779
502 0.604385 0.777248 0.118208 0.123292
503 0.754051 0.781061 0.118208 0.153797
