193 0.102002 0.310137 0.123928 0.172863
177 0.271211 0.322212 0.126787 0.176676
195 0.403241 0.317127 0.095329 0.166508
196 0.542898 0.305688 0.121068 0.204639
197 0.682078 0.300604 0.103908 0.202097
197 0.795996 0.292342 0.102955 0.188116
198 0.910391 0.284080 0.083889 0.176676
199 0.107722 0.535113 0.114395 0.193200
200 0.271211 0.559263 0.094376 0.172863
201 0.415157 0.548459 0.117255 0.169050
202 0.574833 0.549730 0.156339 0.146171
203 0.711153 0.548459 0.076263 0.151255
96 0.816492 0.547823 0.098189 0.144900
9 0.917541 0.554814 0.088656 0.189387
505 0.171115 0.746107 0.119161 0.175405
552 0.357483 0.770893 0.078170 0.097871
506 0.516683 0.751192 0.112488 0.144900
507 0.667779 0.776613 0.090562 0.170321
508 0.808866 0.768986 0.100095 0.139816
