215 0.085796 0.312679 0.108675 0.213537
216 0.222116 0.308866 0.114395 0.183031
217 0.340801 0.303146 0.107722 0.151255
218 0.479028 0.300604 0.124881 0.184303
147 0.608675 0.304417 0.103908 0.189387
136 0.730696 0.305052 0.098189 0.162695
219 0.866063 0.311408 0.124881 0.190658
44 0.099619 0.524944 0.115348 0.149984
101 0.240229 0.513505 0.120114 0.144900
24 0.355100 0.525580 0.088656 0.161424
26 0.489990 0.528122 0.099142 0.141087
221 0.617255 0.524944 0.113441 0.155068
7 0.735462 0.505243 0.109628 0.176676
31 0.864633 0.511598 0.089609 0.161424
515 0.192564 0.716873 0.104862 0.193200
550 0.332698 0.732761 0.068637 0.130918
516 0.480934 0.733397 0.098189 0.190658
517 0.661106 0.762631 0.113441 0.213537
518 0.840801 0.774071 0.120114 0.238958
