31 0.120114 0.333651 0.085796 0.179218
104 0.237846 0.343184 0.090562 0.167779
189 0.347950 0.350175 0.104862 0.171592
147 0.470448 0.348904 0.103908 0.146171
21 0.595329 0.352081 0.128694 0.149984
242 0.711153 0.351446 0.081983 0.158881
31 0.805052 0.355895 0.071497 0.149984
104 0.895615 0.362885 0.100095 0.169050
228 0.150143 0.570702 0.132507 0.180489
109 0.273594 0.565618 0.091516 0.152526
247 0.370353 0.574515 0.088656 0.152526
47 0.468065 0.583413 0.081983 0.160153
248 0.571973 0.556721 0.106768 0.147442
249 0.684461 0.551001 0.112488 0.166508
37 0.777884 0.547823 0.070543 0.149984
333 0.868446 0.565618 0.091516 0.155068
532 0.222593 0.788052 0.092469 0.193200
533 0.364633 0.809024 0.086749 0.123292
534 0.505720 0.798856 0.086749 0.158881
535 0.625834 0.842707 0.084843 0.155068
536 0.740705 0.823006 0.112488 0.189387
