15 0.118208 0.330473 0.112488 0.172863
15 0.252145 0.343184 0.096282 0.137274
55 0.364156 0.341277 0.081983 0.219892
13 0.474261 0.345726 0.105815 0.172863
264 0.591992 0.330473 0.085796 0.195742
265 0.696854 0.333016 0.087703 0.167779
109 0.806959 0.333651 0.081030 0.158881
236 0.903241 0.312679 0.090562 0.198284
267 0.130601 0.581506 0.120114 0.138545
166 0.256435 0.578964 0.091516 0.151255
49 0.377502 0.574515 0.112488 0.142358
149 0.506196 0.575786 0.102955 0.134731
164 0.612011 0.579600 0.074357 0.152526
200 0.710200 0.578964 0.099142 0.161424
272 0.806006 0.567525 0.092469 0.176676
273 0.902288 0.563711 0.082936 0.197013
544 0.208770 0.762631 0.110582 0.139816
545 0.358437 0.812202 0.078170 0.124563
546 0.472355 0.783603 0.086749 0.171592
547 0.611058 0.847792 0.083889 0.167779
548 0.765968 0.826184 0.140133 0.147442
