22 0.130601 0.258024 0.122021 0.205910
274 0.298856 0.259295 0.128694 0.221163
275 0.425167 0.261837 0.080076 0.177947
276 0.529552 0.267556 0.092469 0.191929
277 0.621544 0.261201 0.078170 0.199555
278 0.711153 0.253575 0.093422 0.202097
279 0.826025 0.273276 0.111535 0.249126
19 0.933270 0.287893 0.087703 0.227518
281 0.158723 0.546552 0.094376 0.149984
282 0.294566 0.535748 0.102955 0.189387
283 0.438513 0.540197 0.118208 0.185574
13 0.556244 0.546552 0.069590 0.180489
98 0.660153 0.556721 0.100095 0.157610
122 0.765968 0.561169 0.094376 0.207181
285 0.874643 0.581506 0.122974 0.169050
501 0.255481 0.768351 0.089609 0.181760
502 0.367493 0.787417 0.103908 0.120750
503 0.521449 0.779790 0.080076 0.151255
504 0.633937 0.784239 0.061010 0.155068
505 0.778837 0.800763 0.110582 0.147442
