287 0.119161 0.320305 0.085796 0.142358
288 0.247378 0.308866 0.117255 0.170321
289 0.378456 0.302510 0.101049 0.162695
290 0.494757 0.308866 0.095329 0.155068
291 0.602479 0.298062 0.108675 0.143629
292 0.713060 0.306959 0.097235 0.204639
83 0.811725 0.320941 0.090562 0.143629
294 0.894662 0.343184 0.079123 0.114395
295 0.139180 0.513505 0.112488 0.157610
15 0.259295 0.530029 0.080076 0.124563
296 0.377502 0.522402 0.091516 0.139816
236 0.481411 0.505243 0.087703 0.169050
297 0.582936 0.502701 0.090562 0.133460
298 0.689704 0.508421 0.096282 0.155068
299 0.796473 0.507785 0.079123 0.141087
5 0.890372 0.505243 0.097235 0.146171
505 0.228313 0.707976 0.069590 0.134731
552 0.367969 0.744836 0.083889 0.096600
506 0.497617 0.717509 0.070543 0.153797
507 0.617731 0.719415 0.089609 0.167779
510 0.730696 0.734668 0.109628 0.188116
