26 0.097235 0.378773 0.133460 0.160153
27 0.246902 0.374960 0.087703 0.177947
28 0.369876 0.360979 0.085796 0.162695
29 0.479981 0.349539 0.096282 0.162695
30 0.613441 0.341277 0.117255 0.186845
31 0.751668 0.334922 0.098189 0.184303
32 0.890372 0.336193 0.122021 0.214808
33 0.110582 0.583413 0.112488 0.155068
34 0.254528 0.575786 0.093422 0.134731
559 0.368923 0.573880 0.112488 0.163966
36 0.494280 0.579600 0.111535 0.190658
37 0.606292 0.574515 0.102955 0.183031
38 0.730219 0.577058 0.120114 0.167779
39 0.861773 0.577058 0.131554 0.177947
511 0.180648 0.734032 0.090562 0.136003
512 0.332698 0.744201 0.091516 0.123292
513 0.445663 0.750556 0.088656 0.115666
514 0.580076 0.770257 0.086749 0.144900
515 0.680648 0.775342 0.066730 0.152526
