15 0.126787 0.315602 0.101049 0.133460
282 0.237369 0.309247 0.076263 0.156339
4 0.336034 0.300350 0.073403 0.143629
164 0.439943 0.311153 0.081030 0.162695
206 0.541945 0.293994 0.077216 0.136003
325 0.658723 0.302892 0.106768 0.138545
229 0.758341 0.295265 0.075310 0.151255
327 0.863203 0.310518 0.092469 0.184303
328 0.157769 0.530410 0.109628 0.166508
329 0.285510 0.559644 0.103908 0.151255
96 0.393708 0.560280 0.068637 0.137274
104 0.488561 0.535494 0.090562 0.143629
331 0.615825 0.529139 0.129647 0.153797
9 0.719256 0.527868 0.075310 0.151255
333 0.805529 0.520877 0.085796 0.142358
13 0.907054 0.529139 0.073403 0.146171
518 0.230219 0.747760 0.119161 0.204639
519 0.419924 0.778265 0.092469 0.191929
520 0.578646 0.777629 0.087703 0.195742
521 0.715920 0.789704 0.110582 0.191929
524 0.848427 0.792247 0.116301 0.158881
