335 0.071020 0.272641 0.096282 0.158881
336 0.206864 0.274547 0.101049 0.162695
337 0.345091 0.267429 0.112488 0.132189
75 0.482364 0.275691 0.091516 0.128376
29 0.600095 0.259167 0.082936 0.158881
318 0.713537 0.248999 0.113441 0.125834
338 0.826978 0.255990 0.063870 0.152526
339 0.916587 0.252177 0.102002 0.139816
318 0.098189 0.489228 0.112488 0.156339
340 0.238322 0.484779 0.093422 0.152526
341 0.361296 0.478424 0.102955 0.157610
340 0.496663 0.480330 0.095329 0.161424
342 0.594852 0.475882 0.087703 0.132189
77 0.695424 0.479695 0.092469 0.083889
343 0.803622 0.467620 0.102955 0.118208
31 0.909914 0.477788 0.079123 0.146171
522 0.213060 0.682428 0.096282 0.136003
523 0.387512 0.686876 0.103908 0.096600
524 0.528599 0.681792 0.079123 0.127105
525 0.629647 0.704671 0.069590 0.099142
528 0.753098 0.733270 0.108675 0.237687
