286 0.068160 0.303146 0.113441 0.163966
131 0.201621 0.315221 0.105815 0.152526
68 0.310296 0.300604 0.082936 0.163966
340 0.402288 0.301875 0.083889 0.179218
347 0.514776 0.299333 0.101049 0.136003
348 0.629171 0.299968 0.089609 0.142358
349 0.751192 0.304417 0.101049 0.207181
350 0.896092 0.327931 0.144900 0.218621
351 0.083413 0.534477 0.115348 0.184303
352 0.214490 0.506514 0.104862 0.176676
199 0.326025 0.514140 0.093422 0.163966
56 0.436130 0.507150 0.113441 0.155068
354 0.577693 0.514776 0.104862 0.193200
152 0.685891 0.532571 0.094376 0.152526
355 0.792183 0.536384 0.102955 0.157610
356 0.911344 0.540197 0.112488 0.155068
526 0.203051 0.727677 0.091516 0.156339
527 0.374643 0.750556 0.085796 0.120750
528 0.553861 0.756911 0.091516 0.222434
529 0.697807 0.835081 0.085796 0.203368
532 0.871306 0.794407 0.104862 0.175405
