128 0.095806 0.316492 0.079123 0.139816
16 0.205910 0.319034 0.076263 0.175405
94 0.326978 0.313950 0.087703 0.134731
47 0.430887 0.317127 0.062917 0.151255
374 0.519542 0.316492 0.099142 0.155068
33 0.636320 0.316492 0.094376 0.152526
376 0.726883 0.323483 0.065777 0.128376
144 0.804099 0.330473 0.065777 0.152526
378 0.888942 0.331109 0.090562 0.153797
379 0.111058 0.544646 0.119161 0.161424
556 0.231649 0.554179 0.087703 0.142358
380 0.327931 0.551001 0.081983 0.166508
381 0.430410 0.573244 0.071497 0.190658
382 0.522402 0.570067 0.078170 0.133460
380 0.610582 0.577058 0.094376 0.167779
66 0.703527 0.554814 0.089609 0.176676
384 0.794566 0.554179 0.079123 0.167779
355 0.889418 0.564347 0.101049 0.193200
534 0.189704 0.772799 0.106768 0.195742
535 0.377026 0.812202 0.096282 0.144900
536 0.540515 0.789959 0.097235 0.148713
537 0.663966 0.829361 0.063870 0.097871
540 0.819352 0.835081 0.096282 0.172863
