222 0.066730 0.315221 0.110582 0.160153
222 0.202097 0.299333 0.122021 0.156339
417 0.330315 0.282809 0.105815 0.169050
132 0.454242 0.278996 0.105815 0.184303
277 0.555291 0.268827 0.079123 0.176676
420 0.642993 0.266285 0.082936 0.186845
224 0.725453 0.266921 0.072450 0.198284
252 0.815539 0.264379 0.098189 0.172863
423 0.918970 0.251668 0.093422 0.165237
218 0.075786 0.545917 0.111535 0.163966
84 0.199714 0.541468 0.088656 0.124563
31 0.306482 0.525580 0.113441 0.166508
425 0.434223 0.546552 0.094376 0.170321
152 0.547664 0.554179 0.079123 0.152526
262 0.638704 0.544010 0.078170 0.137274
41 0.722593 0.540833 0.085796 0.141087
429 0.823642 0.548459 0.081983 0.156339
179 0.918494 0.547823 0.081030 0.152526
546 0.163012 0.741659 0.095329 0.212266
547 0.289800 0.816015 0.081983 0.198284
548 0.440419 0.768986 0.112488 0.162695
549 0.572927 0.801398 0.099142 0.125834
501 0.739276 0.798221 0.157293 0.213537
