40 0.120114 0.333651 0.101049 0.179218
41 0.251192 0.333651 0.111535 0.141087
3 0.382269 0.344455 0.097235 0.167779
4 0.500953 0.334922 0.084843 0.153797
42 0.621068 0.330473 0.102002 0.152526
41 0.746425 0.327931 0.093422 0.137274
43 0.874166 0.324118 0.099142 0.185574
44 0.116778 0.533842 0.102002 0.132189
25 0.255481 0.521767 0.108675 0.136003
45 0.387035 0.531935 0.102955 0.130918
46 0.514299 0.542104 0.117255 0.133460
47 0.633937 0.544010 0.083889 0.132189
48 0.753575 0.542104 0.084843 0.141087
49 0.870353 0.543375 0.125834 0.133460
516 0.183031 0.717509 0.116301 0.189387
517 0.345091 0.720051 0.102955 0.189387
518 0.488561 0.734032 0.084843 0.197013
519 0.598665 0.741023 0.085796 0.149984
520 0.717350 0.742930 0.090562 0.166508
