429 0.090562 0.319670 0.106768 0.133460
179 0.213060 0.328567 0.102002 0.133460
431 0.312202 0.311408 0.081030 0.134731
429 0.413727 0.324754 0.104862 0.128376
147 0.517636 0.313314 0.064824 0.148713
136 0.595806 0.312679 0.064824 0.137274
173 0.681602 0.320941 0.076263 0.110582
436 0.755958 0.317127 0.061010 0.108039
437 0.845091 0.315856 0.077216 0.136003
83 0.112011 0.549094 0.122974 0.157610
439 0.246425 0.562440 0.109628 0.153797
31 0.352240 0.558627 0.082936 0.153797
440 0.446616 0.551001 0.086749 0.158881
441 0.540991 0.548459 0.086749 0.146171
442 0.625357 0.549094 0.076263 0.142358
126 0.702574 0.554179 0.061010 0.142358
444 0.773117 0.556085 0.068637 0.138545
16 0.850810 0.551001 0.077216 0.141087
513 0.260724 0.782968 0.132507 0.162695
514 0.433746 0.786146 0.110582 0.169050
520 0.591992 0.784874 0.108675 0.158881
521 0.719256 0.793772 0.079123 0.174134
518 0.844614 0.803940 0.102955 0.189387
