267 0.083889 0.385764 0.108675 0.143629
389 0.202574 0.386400 0.084843 0.152526
50 0.303622 0.378138 0.098189 0.156339
15 0.400858 0.393391 0.061964 0.128376
51 0.510963 0.397839 0.114395 0.170321
52 0.623928 0.408643 0.102002 0.163966
53 0.726883 0.407372 0.079123 0.133460
54 0.816015 0.415634 0.078170 0.139816
55 0.899428 0.414998 0.086749 0.158881
56 0.092946 0.565618 0.121068 0.149984
32 0.215443 0.571338 0.074357 0.125834
57 0.312202 0.582142 0.086749 0.129647
3 0.403718 0.586590 0.082936 0.128376
4 0.507150 0.598665 0.078170 0.134731
58 0.611058 0.606292 0.091516 0.134731
59 0.722593 0.615825 0.081983 0.130918
98 0.819828 0.634890 0.080076 0.141087
278 0.914204 0.653956 0.099142 0.156339
532 0.166826 0.778519 0.085796 0.212266
533 0.301716 0.798221 0.067684 0.101684
534 0.472831 0.807118 0.106768 0.170321
535 0.616778 0.857324 0.085796 0.113124
538 0.764538 0.837623 0.116301 0.165237
