50 0.096282 0.304417 0.106768 0.174134
15 0.236416 0.338735 0.085796 0.128376
51 0.376549 0.330473 0.125834 0.210995
52 0.514776 0.336829 0.104862 0.157610
53 0.630601 0.342548 0.100095 0.166508
54 0.762154 0.340642 0.088656 0.183031
55 0.901335 0.327296 0.117255 0.199555
56 0.121544 0.517318 0.128694 0.139816
32 0.256435 0.519860 0.083889 0.129647
57 0.378456 0.538290 0.118208 0.153797
3 0.514776 0.538926 0.104862 0.157610
4 0.647283 0.551001 0.110582 0.174134
58 0.767874 0.546552 0.117255 0.147442
59 0.895615 0.551636 0.117255 0.185574
522 0.204004 0.711153 0.110582 0.151255
523 0.317922 0.730855 0.079123 0.099142
524 0.447092 0.727677 0.120114 0.120750
525 0.584366 0.751827 0.083889 0.105497
526 0.731173 0.744836 0.102955 0.157610
