60 0.107245 0.327296 0.128694 0.156339
61 0.247378 0.316492 0.124881 0.157610
62 0.395615 0.312679 0.118208 0.175405
52 0.530982 0.298697 0.114395 0.162695
63 0.663012 0.280267 0.117255 0.166508
64 0.808389 0.279631 0.116301 0.162695
65 0.931840 0.271370 0.090562 0.169050
66 0.122021 0.538926 0.139180 0.183031
67 0.264061 0.535113 0.081983 0.147442
68 0.404671 0.547061 0.082936 0.152526
68 0.526692 0.543248 0.084843 0.155068
69 0.667302 0.564855 0.120114 0.149984
70 0.790276 0.567398 0.080076 0.183031
51 0.915157 0.583921 0.095329 0.193200
528 0.217350 0.720559 0.072450 0.141087
529 0.351287 0.770130 0.065777 0.174134
530 0.492850 0.742803 0.104862 0.139816
531 0.627264 0.761868 0.093422 0.180489
532 0.770257 0.766317 0.120114 0.130918
