1 0.069240 0.186636 0.116359 0.176651
2 0.226498 0.168971 0.131336 0.165899
3 0.391820 0.167435 0.109447 0.156682
4 0.511060 0.165131 0.073733 0.161290
5 0.647581 0.161290 0.095622 0.162826
6 0.789862 0.172043 0.142857 0.184332
7 0.937327 0.167435 0.078341 0.199693
8 0.061175 0.409370 0.104839 0.195084
9 0.231106 0.394009 0.112903 0.173579
10 0.383756 0.360983 0.109447 0.175115
3 0.523733 0.376344 0.103687 0.144393
4 0.658525 0.379416 0.073733 0.181260
11 0.779493 0.380184 0.117512 0.185868
9 0.907373 0.387097 0.110599 0.168971
501 0.148733 0.602151 0.104839 0.153610
502 0.317512 0.596006 0.094470 0.122888
503 0.451728 0.572197 0.095622 0.145929
504 0.589977 0.571429 0.116359 0.172043
505 0.732258 0.568356 0.119816 0.153610
505 0.724976 0.568160 0.088656 0.139816
