13 0.121659 0.309677 0.071429 0.135177
98 0.283525 0.313518 0.107143 0.142857
99 0.401613 0.306605 0.087558 0.153610
100 0.527765 0.307373 0.114055 0.155146
28 0.655069 0.308141 0.071429 0.132104
101 0.751843 0.280492 0.099078 0.141321
82 0.876267 0.272811 0.112903 0.172043
103 0.124539 0.517051 0.130184 0.168971
104 0.292166 0.500922 0.089862 0.155146
105 0.424078 0.496313 0.118664 0.158218
106 0.540438 0.495545 0.084101 0.162826
107 0.664286 0.484793 0.119816 0.141321
2 0.777189 0.477112 0.082949 0.162826
108 0.885484 0.489401 0.089862 0.175115
503 0.219009 0.734409 0.107143 0.176651
504 0.371659 0.741321 0.112903 0.187404
505 0.526037 0.756682 0.089862 0.144393
552 0.660830 0.759754 0.096774 0.116743
506 0.833065 0.739017 0.093318 0.164363
