109 0.106106 0.255760 0.114055 0.179724
21 0.287558 0.242704 0.152074 0.159754
110 0.440207 0.257296 0.086406 0.176651
86 0.538710 0.255760 0.078341 0.179724
84 0.662558 0.248848 0.102535 0.153610
24 0.772581 0.270353 0.082949 0.184332
112 0.901037 0.264977 0.114055 0.185868
6 0.145277 0.544547 0.162442 0.216590
7 0.302535 0.532258 0.101382 0.201229
113 0.448848 0.521505 0.129032 0.185868
18 0.566935 0.507680 0.093318 0.176651
115 0.674078 0.502304 0.088710 0.162826
116 0.777189 0.500000 0.080645 0.155146
54 0.891244 0.509217 0.133641 0.149002
508 0.248387 0.775730 0.101382 0.156682
509 0.416014 0.798003 0.086406 0.105991
510 0.532949 0.777266 0.096774 0.165899
551 0.647581 0.811828 0.086406 0.155146
511 0.772581 0.773425 0.154378 0.161290
