128 0.113594 0.302611 0.096774 0.144393
129 0.258756 0.311060 0.099078 0.152074
130 0.405069 0.309524 0.110599 0.145929
131 0.526037 0.297235 0.108295 0.139785
132 0.657373 0.312596 0.108295 0.142857
133 0.794470 0.302611 0.105991 0.147465
134 0.925230 0.311060 0.091014 0.170507
135 0.127995 0.525346 0.081797 0.135177
4 0.258180 0.517665 0.107143 0.156682
31 0.410253 0.525346 0.084101 0.141321
136 0.542742 0.532258 0.120968 0.142857
137 0.672926 0.519201 0.104839 0.129032
138 0.783525 0.521505 0.074885 0.182796
139 0.902765 0.540707 0.096774 0.156682
518 0.201728 0.731951 0.104839 0.198157
519 0.376843 0.757296 0.084101 0.144393
520 0.502995 0.731183 0.094470 0.147465
521 0.624539 0.737327 0.061060 0.184332
522 0.758180 0.741935 0.116359 0.156682
