12 0.123451 0.272005 0.100095 0.177947
13 0.256435 0.277725 0.076263 0.166508
14 0.377979 0.277089 0.115348 0.172863
15 0.511916 0.279631 0.122021 0.172863
16 0.647283 0.284716 0.110582 0.180489
17 0.781220 0.285351 0.109628 0.202097
18 0.897045 0.296155 0.106768 0.213537
19 0.152526 0.480458 0.104862 0.167779
20 0.275024 0.489355 0.102002 0.210995
21 0.408008 0.485542 0.131554 0.167779
22 0.553861 0.485542 0.122021 0.195742
23 0.680648 0.472831 0.112488 0.183031
24 0.801239 0.484906 0.090562 0.158881
25 0.908961 0.483000 0.111535 0.142358
506 0.218303 0.688275 0.106768 0.189387
507 0.372259 0.685732 0.082936 0.171592
508 0.500953 0.681919 0.105815 0.130918
509 0.647760 0.706069 0.088656 0.130918
510 0.744519 0.694630 0.081983 0.169050
