205 0.128694 0.322847 0.142993 0.167779
13 0.269304 0.338735 0.082936 0.156339
206 0.379409 0.334287 0.087703 0.175405
207 0.489514 0.334922 0.103908 0.166508
208 0.607722 0.342548 0.105815 0.153797
146 0.736892 0.328567 0.102955 0.153797
210 0.872736 0.313314 0.122974 0.163966
173 0.154433 0.557992 0.104862 0.155068
158 0.288370 0.563711 0.111535 0.138545
5 0.403718 0.555450 0.103908 0.139816
212 0.509533 0.549094 0.092469 0.157610
77 0.614395 0.561805 0.084843 0.122021
41 0.714967 0.557992 0.101049 0.142358
51 0.836988 0.566254 0.099142 0.171592
510 0.223070 0.748014 0.091516 0.161424
551 0.378456 0.756911 0.076263 0.191929
511 0.502383 0.762631 0.087703 0.180489
512 0.642517 0.793772 0.072450 0.123292
513 0.761678 0.762631 0.106768 0.139816
