222 0.101525 0.345091 0.102002 0.151255
13 0.220686 0.343820 0.100095 0.146171
75 0.336988 0.329202 0.102002 0.142358
15 0.449476 0.327931 0.092469 0.129647
223 0.577693 0.320305 0.122021 0.149984
31 0.693994 0.324754 0.093422 0.161424
136 0.820782 0.332380 0.123928 0.163966
83 0.105338 0.572609 0.117255 0.158881
224 0.224500 0.572609 0.096282 0.166508
99 0.343184 0.576422 0.104862 0.148713
226 0.468065 0.563711 0.102955 0.186845
227 0.597712 0.554814 0.125834 0.151255
109 0.704480 0.561169 0.080076 0.171592
228 0.833174 0.559898 0.120114 0.189387
229 0.951382 0.550365 0.080076 0.162695
520 0.175405 0.771528 0.120114 0.190658
521 0.308389 0.773435 0.094376 0.163966
522 0.469971 0.771528 0.167779 0.180489
523 0.632031 0.815380 0.087703 0.105497
524 0.781697 0.791865 0.127741 0.177947
