230 0.119161 0.336193 0.122021 0.163966
231 0.275977 0.327931 0.121068 0.157610
232 0.410867 0.310137 0.110582 0.152526
233 0.544328 0.316492 0.091516 0.200826
234 0.669685 0.305052 0.115348 0.203368
75 0.779314 0.303146 0.084843 0.148713
117 0.866063 0.291071 0.084843 0.155068
236 0.951859 0.268827 0.071497 0.169050
237 0.131077 0.561805 0.136320 0.162695
12 0.277884 0.549730 0.079123 0.151255
15 0.399428 0.562440 0.108675 0.151255
68 0.519542 0.540197 0.091516 0.149984
83 0.634414 0.557992 0.107722 0.170321
22 0.743089 0.547823 0.096282 0.152526
241 0.854147 0.559898 0.101049 0.151255
242 0.952336 0.558627 0.091516 0.141087
526 0.227836 0.743565 0.093422 0.160153
527 0.371783 0.760089 0.066730 0.111853
528 0.504766 0.759453 0.077216 0.181760
529 0.620591 0.809024 0.085796 0.163966
530 0.770734 0.779790 0.132507 0.156339
