250 0.074833 0.337464 0.117255 0.158881
251 0.221163 0.331745 0.101049 0.165237
252 0.353194 0.325389 0.124881 0.122021
32 0.469495 0.326025 0.084843 0.151255
253 0.573880 0.327296 0.106768 0.156339
255 0.681602 0.321576 0.066730 0.175405
256 0.797903 0.310137 0.114395 0.165237
39 0.920400 0.303781 0.084843 0.180489
257 0.082459 0.556085 0.117255 0.156339
147 0.222116 0.552908 0.106768 0.155068
258 0.367969 0.533842 0.097235 0.213537
86 0.477598 0.535748 0.076263 0.176676
260 0.583413 0.510963 0.101049 0.172863
261 0.704480 0.519225 0.110582 0.151255
262 0.806482 0.509692 0.074357 0.132189
29 0.904671 0.509692 0.093422 0.165237
538 0.149666 0.754369 0.120114 0.176676
539 0.313155 0.761360 0.075310 0.127105
540 0.447092 0.743565 0.083889 0.149984
541 0.560534 0.758818 0.081983 0.124563
542 0.745949 0.742294 0.136320 0.165237
