50 0.109152 0.313950 0.103908 0.144900
47 0.225453 0.327931 0.081030 0.149984
252 0.342231 0.327296 0.123928 0.130918
44 0.473785 0.332380 0.095329 0.141087
303 0.605338 0.322212 0.095329 0.166508
149 0.715920 0.338735 0.087703 0.123292
304 0.813155 0.342548 0.074357 0.163966
305 0.923737 0.317763 0.101049 0.157610
306 0.127741 0.518589 0.123928 0.122021
307 0.241659 0.528630 0.090562 0.148713
308 0.355577 0.542612 0.097235 0.141087
309 0.478074 0.521004 0.086749 0.163966
310 0.596759 0.501303 0.087703 0.152526
75 0.704004 0.522911 0.088656 0.114395
29 0.801239 0.517827 0.075310 0.137274
313 0.907054 0.531173 0.092469 0.138545
508 0.205434 0.745345 0.088656 0.198284
509 0.319828 0.748522 0.092469 0.113124
510 0.456625 0.751700 0.087703 0.152526
551 0.611058 0.759962 0.091516 0.151255
513 0.765491 0.776486 0.112488 0.153797
