136 0.081983 0.362885 0.120114 0.176676
212 0.221163 0.360343 0.120114 0.186845
315 0.354623 0.357801 0.104862 0.148713
316 0.475691 0.350175 0.089609 0.191929
317 0.599142 0.340642 0.105815 0.183031
13 0.703527 0.343184 0.078170 0.167779
134 0.812679 0.333651 0.090562 0.158881
75 0.926597 0.339371 0.101049 0.149984
83 0.103432 0.607563 0.128694 0.147442
26 0.260248 0.612011 0.112488 0.136003
205 0.386082 0.613918 0.106768 0.132189
239 0.509533 0.632348 0.115348 0.163966
31 0.637274 0.617731 0.096282 0.162695
32 0.736892 0.634255 0.076263 0.147442
75 0.832698 0.628535 0.100095 0.146171
146 0.927550 0.635526 0.097235 0.122021
511 0.211153 0.810931 0.082936 0.147442
512 0.361296 0.852876 0.089609 0.147442
513 0.499047 0.824277 0.109628 0.148713
514 0.627741 0.828090 0.081030 0.148713
516 0.786940 0.831268 0.100095 0.152526
