125 0.097712 0.291071 0.126787 0.170321
554 0.242135 0.299333 0.097235 0.163966
555 0.369399 0.303146 0.119161 0.166508
250 0.499523 0.290435 0.099142 0.174134
128 0.618684 0.277725 0.118208 0.153797
318 0.744995 0.280267 0.113441 0.148713
75 0.862250 0.269463 0.115348 0.139816
29 0.959485 0.253321 0.067684 0.146171
75 0.117255 0.546934 0.129647 0.158881
29 0.250715 0.555831 0.068637 0.156339
318 0.370829 0.571084 0.089609 0.136003
319 0.488084 0.554560 0.102955 0.191929
318 0.604385 0.565364 0.101049 0.155068
7 0.713537 0.555195 0.084843 0.188116
320 0.810772 0.566635 0.098189 0.139816
88 0.925643 0.569813 0.099142 0.161424
515 0.220210 0.750302 0.080076 0.179218
550 0.347474 0.768732 0.061964 0.183031
516 0.448046 0.751573 0.089609 0.153797
517 0.540515 0.808770 0.080076 0.222434
520 0.667302 0.756022 0.104862 0.160153
