357 0.079600 0.291706 0.119161 0.174134
61 0.245949 0.293613 0.135367 0.170321
262 0.376072 0.271370 0.094376 0.179218
57 0.488084 0.273912 0.104862 0.151255
136 0.602002 0.282809 0.121068 0.158881
22 0.724500 0.261201 0.104862 0.161424
361 0.838418 0.267556 0.075310 0.194471
362 0.934223 0.253575 0.087703 0.179218
363 0.106292 0.556085 0.107722 0.179218
273 0.246425 0.548459 0.126787 0.191929
44 0.366063 0.549094 0.099142 0.167779
336 0.488561 0.544010 0.117255 0.203368
354 0.591039 0.535748 0.078170 0.204639
368 0.683031 0.524944 0.098189 0.180489
369 0.776930 0.526851 0.074357 0.158881
369 0.861296 0.530029 0.075310 0.177947
371 0.943756 0.532571 0.059104 0.155068
530 0.190181 0.813473 0.126787 0.203368
531 0.373689 0.853511 0.123928 0.202097
532 0.536702 0.825548 0.097235 0.158881
533 0.674929 0.868128 0.080076 0.114395
536 0.803146 0.853511 0.126787 0.174134
