265 0.113441 0.326025 0.118208 0.148713
387 0.222593 0.338735 0.082936 0.169050
388 0.320782 0.320941 0.082936 0.153797
389 0.423260 0.319034 0.093422 0.129647
390 0.514776 0.313314 0.080076 0.156339
103 0.619638 0.312679 0.093422 0.157610
129 0.706864 0.309501 0.065777 0.146171
393 0.788370 0.318398 0.072450 0.143629
394 0.871783 0.308866 0.084843 0.165237
395 0.120114 0.539561 0.137274 0.161424
122 0.247378 0.547188 0.096282 0.146171
290 0.347950 0.557356 0.099142 0.143629
398 0.467112 0.557992 0.116301 0.175405
399 0.586273 0.557992 0.095329 0.157610
400 0.679695 0.555450 0.081983 0.155068
401 0.771211 0.566254 0.085796 0.166508
402 0.848427 0.559898 0.062917 0.151255
77 0.935176 0.577693 0.091516 0.113124
538 0.235939 0.748650 0.092469 0.188116
539 0.395138 0.783603 0.094376 0.125834
540 0.535272 0.785510 0.077216 0.177947
541 0.666826 0.828726 0.081030 0.142358
544 0.785510 0.826184 0.099142 0.167779
