47 0.061964 0.366063 0.083889 0.172863
403 0.171592 0.353352 0.101049 0.157610
404 0.278360 0.355895 0.085796 0.149984
405 0.365110 0.353988 0.064824 0.133460
141 0.439943 0.364156 0.067684 0.158881
407 0.531459 0.361614 0.100095 0.153797
337 0.656816 0.348904 0.125834 0.158881
229 0.787893 0.345726 0.071497 0.155068
410 0.889418 0.335558 0.099142 0.183031
96 0.069113 0.588497 0.094376 0.155068
411 0.206864 0.574515 0.083889 0.157610
374 0.321258 0.560534 0.122021 0.132189
94 0.430410 0.559263 0.079123 0.139816
412 0.524786 0.553543 0.092469 0.146171
412 0.617731 0.549730 0.093422 0.163966
413 0.731173 0.565618 0.102955 0.165237
273 0.833651 0.557992 0.079123 0.175405
368 0.934223 0.551001 0.099142 0.153797
542 0.172069 0.761996 0.122974 0.153797
543 0.337941 0.808389 0.094376 0.106768
544 0.489514 0.804576 0.103908 0.157610
545 0.601525 0.838259 0.083889 0.133460
546 0.713060 0.829361 0.099142 0.202097
