431 0.086273 0.299968 0.102002 0.162695
429 0.218780 0.297426 0.105815 0.116937
147 0.322212 0.298697 0.083889 0.134731
136 0.419447 0.282809 0.095329 0.118208
173 0.510010 0.282173 0.072450 0.127105
436 0.583413 0.277089 0.061010 0.116937
437 0.662536 0.269463 0.076263 0.132189
83 0.754051 0.262472 0.080076 0.118208
439 0.857483 0.258659 0.100095 0.138545
31 0.099142 0.510327 0.085796 0.166508
440 0.231173 0.509692 0.103908 0.149984
441 0.346520 0.500794 0.090562 0.137274
442 0.452336 0.491897 0.098189 0.106768
443 0.565300 0.496981 0.093422 0.122021
444 0.663966 0.493804 0.075310 0.146171
16 0.738799 0.483000 0.057197 0.132189
446 0.817922 0.475373 0.085796 0.134731
447 0.914204 0.477915 0.085796 0.137274
503 0.191134 0.760724 0.100095 0.207181
504 0.356053 0.767715 0.088656 0.193200
505 0.528599 0.768986 0.115348 0.183031
552 0.679218 0.800763 0.088656 0.116937
508 0.851764 0.773435 0.138227 0.191929
