120 0.076263 0.306959 0.106768 0.128376
449 0.196854 0.315221 0.094376 0.139816
450 0.299809 0.319670 0.086749 0.123292
451 0.404671 0.323483 0.079123 0.141087
452 0.495710 0.331109 0.081983 0.146171
453 0.605338 0.320941 0.087703 0.133460
454 0.714013 0.325389 0.101049 0.162695
306 0.816015 0.334922 0.076263 0.146171
248 0.915634 0.329838 0.094376 0.151255
74 0.084843 0.524309 0.076263 0.133460
458 0.198284 0.506514 0.112488 0.176676
459 0.319352 0.503972 0.095329 0.143629
460 0.423737 0.509692 0.098189 0.144900
461 0.524309 0.515412 0.089609 0.125834
462 0.611058 0.516683 0.076263 0.138545
463 0.705910 0.530029 0.081030 0.155068
4 0.796473 0.525580 0.071497 0.143629
5 0.891325 0.537655 0.087703 0.147442
506 0.182555 0.727677 0.124881 0.174134
507 0.352717 0.721957 0.089609 0.160153
508 0.490944 0.734032 0.099142 0.143629
509 0.600572 0.762631 0.089609 0.111853
511 0.744995 0.761996 0.138227 0.163966
