464 0.051954 0.337464 0.092469 0.169050
465 0.194948 0.354623 0.102002 0.167779
15 0.316015 0.352717 0.096282 0.130918
149 0.436606 0.364792 0.101049 0.111853
466 0.540991 0.367334 0.061964 0.124563
173 0.624881 0.357801 0.077216 0.156339
38 0.715920 0.366063 0.080076 0.162695
468 0.821258 0.355895 0.105815 0.144900
68 0.928503 0.363521 0.078170 0.188116
236 0.081030 0.573880 0.106768 0.189387
470 0.224023 0.561805 0.118208 0.188116
471 0.353194 0.564983 0.103908 0.161424
382 0.456149 0.567525 0.084843 0.115666
472 0.564347 0.569431 0.106768 0.142358
104 0.679218 0.564347 0.075310 0.155068
152 0.760724 0.568796 0.080076 0.133460
262 0.844137 0.575151 0.069590 0.133460
41 0.925643 0.573880 0.080076 0.120750
510 0.146806 0.767715 0.101049 0.160153
551 0.326025 0.785510 0.102955 0.228789
511 0.507626 0.778519 0.102002 0.130918
512 0.624404 0.819828 0.064824 0.162695
521 0.737369 0.810677 0.071497 0.160153
