4 0.062917 0.401017 0.068637 0.148713
5 0.146330 0.405466 0.081030 0.134731
464 0.253575 0.395297 0.091516 0.134731
465 0.372736 0.390213 0.102955 0.183031
15 0.472831 0.399746 0.078170 0.128376
149 0.571020 0.395297 0.087703 0.114395
466 0.665396 0.395933 0.062917 0.118208
173 0.745472 0.387035 0.076263 0.141087
38 0.819352 0.392755 0.067684 0.157610
468 0.908008 0.382587 0.082936 0.157610
68 0.077216 0.610105 0.076263 0.162695
236 0.166826 0.598030 0.080076 0.153797
470 0.280267 0.588497 0.104862 0.160153
471 0.391325 0.586590 0.086749 0.143629
382 0.479981 0.597394 0.058151 0.119479
472 0.565300 0.594852 0.091516 0.122021
104 0.658723 0.578964 0.074357 0.143629
26 0.741182 0.580235 0.077216 0.123292
27 0.838418 0.596123 0.088656 0.144900
520 0.175882 0.792501 0.109628 0.171592
521 0.331745 0.803305 0.099142 0.172863
522 0.480458 0.782332 0.120114 0.151255
523 0.609152 0.816015 0.110582 0.109310
526 0.759771 0.788052 0.122021 0.142358
