28 0.095806 0.399110 0.082936 0.127105
29 0.209724 0.408008 0.081983 0.134731
30 0.307436 0.397839 0.084843 0.155068
31 0.409914 0.397204 0.072450 0.156339
32 0.500477 0.399110 0.083889 0.137274
33 0.595806 0.416905 0.068637 0.132189
34 0.672069 0.421989 0.061010 0.122021
35 0.767874 0.404830 0.069590 0.136003
36 0.861773 0.398475 0.089609 0.158881
37 0.113441 0.577693 0.080076 0.143629
38 0.225453 0.577058 0.084843 0.147442
39 0.330315 0.584048 0.088656 0.120750
474 0.442326 0.585955 0.095329 0.129647
149 0.548141 0.589133 0.080076 0.102955
476 0.644423 0.595488 0.074357 0.113124
319 0.744995 0.585955 0.092469 0.139816
152 0.846044 0.607563 0.071497 0.134731
389 0.935176 0.608834 0.078170 0.139816
522 0.171592 0.824277 0.165872 0.171592
523 0.383222 0.842072 0.085796 0.090245
524 0.530029 0.833810 0.120114 0.122021
525 0.646806 0.840165 0.073403 0.124563
530 0.758341 0.823006 0.105815 0.151255
