26 0.112011 0.366063 0.098189 0.122021
27 0.251668 0.362885 0.076263 0.138545
28 0.356530 0.353352 0.066730 0.122021
29 0.442326 0.356530 0.064824 0.130918
30 0.530505 0.350810 0.069590 0.139816
31 0.637750 0.341277 0.068637 0.130918
32 0.727359 0.338100 0.070543 0.122021
33 0.819352 0.350175 0.058151 0.136003
34 0.901811 0.350175 0.083889 0.115666
35 0.147283 0.606927 0.098189 0.110582
36 0.285510 0.591675 0.098189 0.161424
37 0.389895 0.596123 0.078170 0.132189
38 0.475214 0.594217 0.075310 0.138545
39 0.561487 0.593581 0.072450 0.134731
474 0.668732 0.598030 0.096282 0.138545
149 0.771211 0.599936 0.072450 0.111853
476 0.858437 0.602479 0.075310 0.114395
319 0.945186 0.607563 0.071497 0.137274
528 0.260248 0.842072 0.089609 0.214808
529 0.392755 0.892278 0.097235 0.167779
530 0.576740 0.854782 0.104862 0.156339
531 0.726883 0.905624 0.079123 0.151255
534 0.832221 0.871942 0.104862 0.137274
