182 0.098189 0.395297 0.087703 0.180489
557 0.187798 0.405466 0.076263 0.119479
96 0.279790 0.402288 0.081030 0.108039
21 0.380362 0.401017 0.114395 0.141087
481 0.515729 0.389577 0.129647 0.176676
417 0.635844 0.392119 0.087703 0.141087
483 0.751668 0.396568 0.107722 0.152526
484 0.858913 0.409279 0.081983 0.157610
465 0.094852 0.593581 0.124881 0.157610
486 0.218303 0.599936 0.093422 0.122021
86 0.320782 0.604385 0.069590 0.128376
488 0.419447 0.594852 0.108675 0.132189
489 0.530505 0.591675 0.073403 0.156339
490 0.631554 0.599301 0.115348 0.161424
273 0.737369 0.586590 0.090562 0.179218
31 0.828885 0.591675 0.084843 0.151255
207 0.924214 0.612647 0.090562 0.177947
536 0.252145 0.798221 0.122974 0.172863
537 0.393708 0.809660 0.083889 0.114395
538 0.530982 0.782332 0.114395 0.158881
539 0.661582 0.809660 0.059104 0.096600
542 0.794090 0.808389 0.137274 0.167779
