493 0.088179 0.382587 0.124881 0.177947
494 0.219733 0.378138 0.073403 0.138545
495 0.313155 0.374325 0.092469 0.128376
255 0.399905 0.373054 0.067684 0.143629
497 0.478551 0.372418 0.078170 0.149984
498 0.568637 0.364156 0.094376 0.166508
60 0.679218 0.372418 0.096282 0.175405
61 0.790276 0.376867 0.112488 0.153797
62 0.921830 0.383222 0.110582 0.158881
52 0.096282 0.610105 0.099142 0.155068
63 0.218780 0.601207 0.100095 0.147442
64 0.336988 0.590404 0.081030 0.130918
65 0.430887 0.599301 0.078170 0.151255
66 0.514299 0.592946 0.086749 0.148713
67 0.599142 0.598665 0.082936 0.134731
68 0.685415 0.584684 0.080076 0.132189
68 0.767874 0.592946 0.075310 0.151255
69 0.889895 0.619002 0.138227 0.170321
540 0.202574 0.784874 0.102002 0.148713
541 0.340801 0.797585 0.071497 0.113124
542 0.477121 0.788052 0.143947 0.152526
543 0.606292 0.829361 0.074357 0.118208
546 0.732602 0.808389 0.115348 0.183031
