62 0.147283 0.299333 0.124881 0.204639
71 0.313155 0.318398 0.113441 0.197013
12 0.425643 0.312679 0.073403 0.139816
72 0.523356 0.310772 0.097235 0.202097
73 0.654433 0.319670 0.100095 0.189387
74 0.765491 0.328567 0.083889 0.136003
59 0.880362 0.308230 0.088656 0.227518
24 0.161582 0.513505 0.117255 0.144900
25 0.332221 0.516683 0.103908 0.123292
75 0.454242 0.523038 0.098189 0.118208
76 0.568160 0.523673 0.102955 0.152526
77 0.671115 0.527486 0.074357 0.109310
13 0.761201 0.530664 0.063870 0.120750
49 0.872736 0.533842 0.103908 0.132189
534 0.258341 0.723228 0.102955 0.195742
535 0.416111 0.745472 0.086749 0.179218
536 0.523356 0.736575 0.099142 0.181760
537 0.645853 0.748014 0.061964 0.141087
538 0.750715 0.734668 0.122974 0.172863
