78 0.130601 0.399746 0.120114 0.143629
47 0.256911 0.398475 0.090562 0.125834
79 0.370829 0.395933 0.081983 0.133460
71 0.508580 0.408008 0.103908 0.144900
17 0.626311 0.401652 0.110582 0.180489
80 0.771211 0.397204 0.120114 0.158881
81 0.910391 0.394662 0.118208 0.166508
82 0.144423 0.568796 0.115348 0.138545
83 0.265014 0.557356 0.099142 0.123292
84 0.387512 0.572609 0.081030 0.105497
4 0.502860 0.561169 0.077216 0.097871
86 0.631077 0.569431 0.099142 0.111853
87 0.755481 0.574515 0.096282 0.134731
88 0.885129 0.585319 0.113441 0.151255
540 0.228789 0.727042 0.097235 0.155068
541 0.351764 0.749921 0.061010 0.099142
542 0.461868 0.737210 0.100095 0.152526
543 0.571497 0.753098 0.084843 0.105497
544 0.688275 0.732761 0.101049 0.120750
