89 0.097712 0.383858 0.117255 0.162695
90 0.228789 0.388306 0.101049 0.171592
17 0.346044 0.378138 0.110582 0.179218
91 0.495710 0.373689 0.142993 0.188116
92 0.646806 0.378773 0.121068 0.203368
93 0.788370 0.392755 0.125834 0.269463
69 0.915634 0.403559 0.121068 0.151255
77 0.107245 0.587861 0.122974 0.113124
94 0.253575 0.603750 0.112488 0.157610
12 0.373689 0.605021 0.076263 0.152526
95 0.505243 0.583413 0.118208 0.165237
96 0.655386 0.596759 0.109628 0.133460
68 0.777407 0.601207 0.109628 0.144900
54 0.894662 0.615189 0.090562 0.142358
546 0.188275 0.775342 0.105815 0.190658
547 0.325071 0.826819 0.076263 0.163966
548 0.449476 0.786781 0.103908 0.157610
549 0.566254 0.818557 0.093422 0.132189
501 0.720210 0.814109 0.117255 0.171592
