1 0.155660 0.389819 0.121698 0.182390
2 0.271698 0.386046 0.114151 0.184906
3 0.394340 0.390448 0.097170 0.173585
4 0.510377 0.399882 0.059434 0.164780
5 0.620283 0.387932 0.094340 0.155975
6 0.763208 0.390448 0.129245 0.168553
7 0.874057 0.378498 0.100000 0.174843
8 0.155189 0.623153 0.100000 0.178616
9 0.270283 0.621895 0.096226 0.178616
10 0.384434 0.614976 0.105660 0.152201
3 0.514623 0.621266 0.081132 0.149686
4 0.625472 0.623781 0.059434 0.157233
11 0.746226 0.611203 0.116038 0.147170
9 0.863208 0.611832 0.089623 0.150943
501 0.269340 0.845794 0.088679 0.135849
502 0.387264 0.842020 0.079245 0.118239
503 0.531604 0.821895 0.088679 0.173585
504 0.646226 0.814976 0.053774 0.132075
505 0.765094 0.825668 0.085849 0.158491
