13 0.158491 0.349568 0.074528 0.116981
98 0.282075 0.347052 0.099057 0.157233
99 0.404717 0.353970 0.104717 0.163522
100 0.532547 0.364662 0.103774 0.172327
28 0.650472 0.372838 0.088679 0.155975
101 0.755660 0.372209 0.093396 0.174843
102 0.893868 0.383530 0.120755 0.192453
103 0.168868 0.542020 0.133019 0.174843
104 0.297170 0.536360 0.076415 0.181132
105 0.418868 0.540134 0.108491 0.158491
106 0.537736 0.559631 0.085849 0.177358
107 0.662736 0.551454 0.111321 0.163522
2 0.756132 0.557115 0.090566 0.162264
108 0.877830 0.569693 0.077358 0.172327
503 0.333491 0.738876 0.069811 0.155975
504 0.450943 0.747681 0.061321 0.155975
505 0.547642 0.745165 0.071698 0.153459
552 0.616509 0.793593 0.043396 0.076730
506 0.726415 0.756486 0.066981 0.161006
