109 0.092925 0.335102 0.118868 0.135849
21 0.236792 0.342649 0.142453 0.173585
110 0.396698 0.340763 0.122642 0.164780
86 0.520755 0.354599 0.068868 0.147170
84 0.633962 0.345165 0.083962 0.133333
24 0.737736 0.359631 0.072642 0.184906
112 0.850943 0.355228 0.123585 0.168553
6 0.145283 0.559002 0.146226 0.188679
7 0.280660 0.562146 0.118868 0.177358
113 0.409906 0.562146 0.133962 0.169811
18 0.523585 0.575354 0.104717 0.181132
115 0.638208 0.566549 0.126415 0.171069
116 0.748113 0.574725 0.102830 0.167296
54 0.858019 0.589819 0.116981 0.159748
508 0.248585 0.780385 0.086792 0.150943
509 0.345755 0.813719 0.071698 0.104403
510 0.447642 0.788561 0.073585 0.159748
551 0.534434 0.794851 0.077358 0.164780
511 0.640094 0.797366 0.107547 0.172327
