117 0.100000 0.221895 0.131132 0.233962
118 0.228302 0.250197 0.104717 0.164780
119 0.364151 0.255857 0.136792 0.178616
120 0.517453 0.269693 0.115094 0.191195
77 0.627830 0.281014 0.088679 0.085535
121 0.739623 0.302398 0.125472 0.191195
122 0.857547 0.309316 0.100943 0.217610
44 0.104717 0.504285 0.127358 0.164780
123 0.255189 0.489190 0.132075 0.210063
124 0.387264 0.481014 0.107547 0.183648
86 0.518396 0.512461 0.092453 0.186164
125 0.634906 0.514347 0.110377 0.179874
126 0.755660 0.514976 0.097170 0.168553
127 0.866038 0.521895 0.116038 0.177358
513 0.278302 0.723781 0.093396 0.143396
514 0.384434 0.728813 0.066038 0.138365
515 0.518868 0.715605 0.063208 0.157233
550 0.591038 0.741392 0.041509 0.128302
516 0.692925 0.743278 0.083019 0.184906
