54 0.119811 0.287303 0.121698 0.163522
140 0.236792 0.283530 0.100943 0.173585
141 0.346226 0.288561 0.083962 0.181132
142 0.469340 0.314347 0.126415 0.212579
143 0.594340 0.316863 0.102830 0.212579
75 0.717453 0.331329 0.126415 0.173585
144 0.843868 0.331329 0.103774 0.201258
117 0.149528 0.491706 0.128302 0.200000
146 0.275472 0.501769 0.116038 0.177358
147 0.375943 0.508058 0.098113 0.162264
21 0.485377 0.511203 0.122642 0.158491
148 0.600943 0.508687 0.114151 0.158491
149 0.719811 0.509316 0.127358 0.154717
150 0.834906 0.528184 0.100943 0.152201
524 0.325000 0.695480 0.113208 0.164780
525 0.430189 0.720637 0.068868 0.129560
526 0.524528 0.705542 0.100943 0.167296
527 0.610849 0.744536 0.069811 0.094340
528 0.697170 0.708687 0.076415 0.173585
