89 0.054717 0.296737 0.106604 0.162264
151 0.181132 0.320637 0.102830 0.225157
68 0.304717 0.306171 0.123585 0.228931
15 0.446226 0.315605 0.104717 0.162264
152 0.599528 0.330700 0.120755 0.187421
153 0.740094 0.346423 0.103774 0.178616
134 0.855660 0.360259 0.099057 0.155975
155 0.090094 0.535102 0.156604 0.173585
156 0.233019 0.534473 0.134906 0.167296
77 0.348113 0.520008 0.097170 0.120755
157 0.459434 0.538876 0.114151 0.206289
13 0.568868 0.535102 0.083962 0.158491
158 0.712736 0.536989 0.130189 0.167296
32 0.855189 0.535102 0.116981 0.193711
530 0.222642 0.750197 0.123585 0.178616
531 0.334434 0.796108 0.073585 0.169811
532 0.452830 0.754599 0.110377 0.194969
533 0.559434 0.767807 0.066981 0.133333
534 0.675472 0.746423 0.114151 0.196226
