160 0.149528 0.364662 0.103774 0.225157
161 0.292453 0.359002 0.114151 0.211321
79 0.419340 0.365291 0.092453 0.155975
162 0.556132 0.387932 0.124528 0.183648
163 0.681604 0.376612 0.088679 0.148428
4 0.770755 0.406171 0.093396 0.169811
141 0.875472 0.420008 0.089623 0.205031
136 0.178774 0.587303 0.139623 0.149686
5 0.312736 0.585417 0.109434 0.155975
128 0.437264 0.586675 0.103774 0.150943
166 0.559906 0.597366 0.088679 0.157233
79 0.666981 0.601769 0.089623 0.148428
41 0.776415 0.609316 0.091509 0.135849
169 0.883491 0.613719 0.086792 0.149686
536 0.317925 0.771580 0.072642 0.168553
537 0.402358 0.784788 0.067925 0.119497
538 0.512264 0.782272 0.091509 0.162264
539 0.587736 0.808687 0.055660 0.104403
540 0.695755 0.786046 0.105660 0.177358
