170 0.110377 0.347681 0.140566 0.218868
54 0.251887 0.363404 0.100943 0.179874
560 0.376887 0.369693 0.147170 0.194969
131 0.503302 0.374725 0.107547 0.177358
173 0.629245 0.376612 0.125472 0.176101
23 0.750472 0.368436 0.107547 0.194969
117 0.866038 0.380385 0.123585 0.196226
176 0.167925 0.582901 0.163208 0.173585
13 0.289151 0.578498 0.084906 0.122013
177 0.389623 0.582901 0.097170 0.191195
83 0.524528 0.582272 0.131132 0.174843
179 0.658962 0.586675 0.116981 0.178616
180 0.774528 0.592335 0.110377 0.177358
26 0.880189 0.594222 0.104717 0.168553
542 0.325472 0.790448 0.127358 0.163522
543 0.442925 0.811832 0.083019 0.118239
544 0.558962 0.784788 0.094340 0.159748
545 0.635377 0.808058 0.075472 0.093082
546 0.744340 0.787932 0.097170 0.206289
