182 0.083962 0.335102 0.121698 0.213836
183 0.214623 0.352712 0.152830 0.183648
173 0.341038 0.363404 0.109434 0.154717
184 0.435377 0.344536 0.084906 0.207547
185 0.555660 0.355228 0.134906 0.193711
130 0.689623 0.360888 0.121698 0.169811
21 0.816981 0.358373 0.127358 0.172327
121 0.105660 0.579756 0.134906 0.167296
187 0.237736 0.592964 0.104717 0.155975
98 0.351415 0.581643 0.118868 0.161006
189 0.469811 0.579127 0.119811 0.140881
190 0.583962 0.576612 0.114151 0.163522
191 0.688679 0.574725 0.104717 0.169811
192 0.809906 0.579127 0.116981 0.186164
548 0.236792 0.796108 0.114151 0.167296
549 0.328302 0.815605 0.074528 0.103145
501 0.424528 0.782901 0.100943 0.143396
502 0.519340 0.811832 0.084906 0.105660
503 0.639623 0.786046 0.140566 0.177358
