193 0.102358 0.325668 0.122642 0.159748
194 0.237736 0.330071 0.127358 0.211321
195 0.383019 0.328184 0.114151 0.189937
196 0.529245 0.314976 0.127358 0.206289
197 0.663679 0.325668 0.107547 0.187421
197 0.771698 0.335731 0.110377 0.182390
198 0.893396 0.328813 0.110377 0.193711
199 0.122642 0.567807 0.116038 0.213836
200 0.258019 0.556486 0.118868 0.178616
201 0.401415 0.535102 0.120755 0.196226
202 0.539151 0.531958 0.143396 0.179874
203 0.663208 0.513090 0.099057 0.137107
96 0.765566 0.526297 0.098113 0.130818
9 0.867925 0.520637 0.097170 0.144654
505 0.297170 0.753341 0.117925 0.154717
552 0.404245 0.780385 0.086792 0.120755
506 0.514623 0.747681 0.105660 0.183648
507 0.636321 0.769064 0.115094 0.171069
508 0.762264 0.757744 0.108491 0.196226
