205 0.158019 0.308058 0.149057 0.159748
13 0.296226 0.313090 0.089623 0.147170
206 0.398585 0.318750 0.101887 0.201258
207 0.507075 0.326926 0.100000 0.194969
208 0.621226 0.350825 0.116981 0.164780
146 0.737264 0.353970 0.115094 0.161006
210 0.872642 0.340763 0.123585 0.169811
173 0.168396 0.523781 0.133962 0.161006
158 0.302358 0.531329 0.126415 0.168553
165 0.416981 0.525039 0.108491 0.166038
212 0.523113 0.525668 0.115094 0.177358
77 0.632075 0.530071 0.100943 0.100629
41 0.751887 0.543278 0.116038 0.167296
51 0.873113 0.569693 0.120755 0.202516
510 0.295755 0.750197 0.090566 0.173585
551 0.394811 0.770322 0.086792 0.186164
511 0.497642 0.752712 0.096226 0.173585
512 0.586792 0.812461 0.070755 0.154717
513 0.687736 0.769693 0.108491 0.207547
