12 0.197170 0.401769 0.070755 0.138365
13 0.306604 0.408687 0.076415 0.134591
14 0.429717 0.409945 0.126415 0.137107
15 0.546698 0.407429 0.086792 0.124528
16 0.643868 0.406800 0.094340 0.130818
17 0.745755 0.403027 0.103774 0.155975
18 0.850943 0.421266 0.091509 0.144654
19 0.208962 0.584788 0.109434 0.127044
20 0.314623 0.575354 0.100000 0.125786
21 0.421226 0.565920 0.115094 0.129560
22 0.548585 0.558373 0.113208 0.134591
23 0.647170 0.565920 0.074528 0.152201
24 0.746698 0.574096 0.090566 0.150943
25 0.857075 0.574096 0.111321 0.130818
506 0.321698 0.765920 0.083962 0.142138
507 0.429245 0.766549 0.089623 0.148428
508 0.568396 0.760888 0.083019 0.152201
509 0.671226 0.772209 0.083019 0.109434
510 0.767925 0.752083 0.066981 0.144654
