215 0.089151 0.326297 0.137736 0.236478
216 0.238208 0.346423 0.130189 0.201258
217 0.383962 0.349568 0.136792 0.177358
218 0.516981 0.348939 0.116038 0.206289
147 0.642453 0.359002 0.102830 0.196226
136 0.750472 0.361517 0.116981 0.168553
219 0.861792 0.359002 0.098113 0.166038
44 0.107075 0.569064 0.128302 0.161006
101 0.253774 0.570322 0.121698 0.201258
24 0.379717 0.589819 0.100000 0.187421
26 0.518868 0.599882 0.150000 0.184906
221 0.642453 0.591706 0.099057 0.163522
7 0.741509 0.589190 0.095283 0.166038
31 0.848585 0.584159 0.113208 0.178616
515 0.276415 0.794851 0.074528 0.187421
550 0.359434 0.826297 0.065094 0.159748
516 0.476887 0.799882 0.081132 0.202516
517 0.553302 0.847052 0.054717 0.178616
518 0.700943 0.819379 0.123585 0.233962
