222 0.119811 0.243907 0.142453 0.162264
13 0.249057 0.247681 0.083962 0.129560
75 0.370755 0.246423 0.117925 0.129560
15 0.499057 0.257115 0.102830 0.140881
203 0.641038 0.243907 0.105660 0.197484
31 0.758491 0.242020 0.127358 0.186164
136 0.918396 0.236989 0.143396 0.171069
83 0.136321 0.465920 0.115094 0.155975
224 0.272170 0.472209 0.109434 0.244025
99 0.404717 0.453341 0.125472 0.188679
226 0.544340 0.464033 0.142453 0.169811
227 0.686321 0.466549 0.135849 0.174843
109 0.804717 0.462146 0.106604 0.153459
228 0.920755 0.444536 0.133019 0.203774
520 0.290094 0.684788 0.105660 0.161006
521 0.375472 0.691706 0.065094 0.159748
522 0.501887 0.699253 0.153774 0.164780
523 0.653774 0.745165 0.102830 0.118239
524 0.799057 0.732586 0.136792 0.193711
