230 0.122642 0.303656 0.123585 0.196226
231 0.267453 0.303656 0.147170 0.201258
232 0.407547 0.306800 0.121698 0.189937
233 0.531132 0.308058 0.102830 0.217610
234 0.653774 0.300511 0.102830 0.205031
75 0.800000 0.301769 0.127358 0.167296
117 0.920283 0.287303 0.101887 0.183648
237 0.147642 0.521266 0.160377 0.168553
12 0.286321 0.520008 0.094340 0.148428
15 0.419811 0.522524 0.125472 0.155975
68 0.544811 0.519379 0.100000 0.210063
83 0.654717 0.506171 0.110377 0.186164
22 0.794340 0.487932 0.136792 0.164780
241 0.929717 0.471580 0.120755 0.149686
526 0.275472 0.719379 0.104717 0.169811
527 0.357075 0.760259 0.064151 0.103145
528 0.459434 0.725039 0.080189 0.193711
529 0.529245 0.779756 0.068868 0.164780
530 0.671698 0.726297 0.138679 0.191195
