31 0.183962 0.314347 0.112264 0.189937
104 0.296698 0.306800 0.109434 0.174843
146 0.412264 0.319379 0.123585 0.159748
147 0.526415 0.325668 0.102830 0.159748
21 0.645755 0.334473 0.132075 0.169811
242 0.755660 0.328184 0.093396 0.172327
31 0.858019 0.330071 0.109434 0.166038
228 0.200000 0.523781 0.138679 0.196226
109 0.326887 0.539505 0.113208 0.149686
247 0.441038 0.536360 0.115094 0.176101
47 0.549528 0.533215 0.107547 0.154717
248 0.653774 0.526297 0.116038 0.158491
249 0.766981 0.538876 0.106604 0.176101
37 0.872642 0.525668 0.108491 0.147170
532 0.331132 0.742649 0.104717 0.168553
533 0.424528 0.783530 0.070755 0.122013
534 0.542925 0.741392 0.124528 0.186164
535 0.651415 0.792335 0.071698 0.094340
536 0.774057 0.784159 0.132075 0.228931
