250 0.146226 0.253970 0.133019 0.197484
251 0.264151 0.272209 0.099057 0.176101
252 0.373585 0.303027 0.112264 0.127044
253 0.510377 0.291077 0.136792 0.183648
254 0.646226 0.304914 0.127358 0.138365
255 0.761321 0.285417 0.089623 0.169811
256 0.890094 0.290448 0.124528 0.167296
257 0.164151 0.475354 0.110377 0.177358
147 0.267925 0.494222 0.097170 0.184906
258 0.382075 0.488561 0.112264 0.193711
86 0.512264 0.498624 0.116038 0.196226
260 0.638208 0.492335 0.124528 0.181132
261 0.776415 0.496737 0.136792 0.202516
262 0.903302 0.514347 0.111321 0.179874
538 0.295283 0.701140 0.106604 0.158491
539 0.386321 0.731329 0.075472 0.100629
540 0.499057 0.721895 0.110377 0.159748
541 0.586321 0.758373 0.069811 0.111950
542 0.739623 0.733844 0.142453 0.173585
