15 0.097170 0.265920 0.131132 0.133333
15 0.248585 0.264033 0.120755 0.157233
55 0.396698 0.273467 0.132075 0.186164
13 0.523585 0.272209 0.095283 0.153459
79 0.631132 0.277869 0.093396 0.162264
265 0.751415 0.264033 0.113208 0.200000
109 0.875472 0.259002 0.106604 0.152201
152 0.124528 0.516234 0.136792 0.191195
166 0.272642 0.506171 0.102830 0.186164
49 0.417925 0.513090 0.146226 0.169811
149 0.551415 0.506800 0.107547 0.139623
141 0.647642 0.518750 0.073585 0.198742
200 0.756604 0.494222 0.102830 0.192453
272 0.865566 0.494222 0.094340 0.207547
544 0.245283 0.763404 0.155660 0.202516
545 0.388679 0.804914 0.093396 0.122013
546 0.541981 0.774096 0.130189 0.281761
547 0.645755 0.833844 0.101887 0.230189
548 0.778302 0.756486 0.117925 0.231447
