22 0.071226 0.286675 0.132075 0.169811
274 0.198585 0.293593 0.128302 0.208805
275 0.327830 0.313719 0.094340 0.148428
276 0.436321 0.320637 0.107547 0.182390
277 0.564623 0.315605 0.109434 0.189937
278 0.707547 0.339505 0.146226 0.220126
279 0.857547 0.340134 0.153774 0.231447
281 0.084434 0.521266 0.086792 0.135849
282 0.185377 0.527555 0.101887 0.183648
283 0.316038 0.538247 0.127358 0.189937
13 0.442453 0.570322 0.072642 0.161006
98 0.553774 0.565920 0.117925 0.177358
122 0.688679 0.565920 0.117925 0.179874
285 0.835377 0.606171 0.154717 0.164780
501 0.212736 0.743278 0.103774 0.182390
502 0.316038 0.796108 0.082075 0.149686
503 0.433962 0.782901 0.099057 0.186164
504 0.524528 0.816863 0.070755 0.186164
506 0.662264 0.830700 0.121698 0.196226
