287 0.125000 0.268436 0.118868 0.171069
288 0.256604 0.264662 0.129245 0.168553
289 0.385377 0.265920 0.120755 0.150943
290 0.542925 0.274725 0.149057 0.158491
291 0.679245 0.279127 0.119811 0.200000
292 0.791038 0.287932 0.098113 0.189937
83 0.908491 0.284159 0.127358 0.174843
295 0.141509 0.487932 0.102830 0.157233
15 0.261321 0.497366 0.097170 0.110692
5 0.396698 0.490448 0.101887 0.149686
296 0.531132 0.492964 0.116038 0.157233
236 0.666038 0.498624 0.097170 0.188679
297 0.797170 0.496108 0.125472 0.155975
298 0.913679 0.498624 0.107547 0.201258
505 0.291981 0.699882 0.113208 0.193711
552 0.404245 0.753970 0.103774 0.133333
506 0.519811 0.721266 0.110377 0.223899
507 0.655660 0.732586 0.100943 0.206289
510 0.771226 0.732586 0.092453 0.201258
