50 0.154717 0.296108 0.119811 0.208805
47 0.268396 0.328184 0.088679 0.142138
252 0.406604 0.350197 0.117925 0.120755
44 0.524528 0.339505 0.091509 0.159748
303 0.646226 0.342020 0.110377 0.194969
149 0.774528 0.349568 0.119811 0.164780
304 0.900943 0.374725 0.110377 0.212579
306 0.167453 0.533215 0.139623 0.164780
307 0.307075 0.532586 0.120755 0.178616
308 0.417453 0.540134 0.107547 0.191195
309 0.531132 0.542649 0.104717 0.213836
310 0.643396 0.540763 0.102830 0.177358
75 0.760849 0.550197 0.113208 0.153459
29 0.868868 0.552712 0.100943 0.158491
508 0.338679 0.738876 0.104717 0.171069
509 0.429717 0.777241 0.079245 0.111950
510 0.525472 0.753341 0.089623 0.159748
551 0.629717 0.763404 0.086792 0.179874
513 0.726415 0.775983 0.093396 0.179874
