136 0.104717 0.284788 0.125472 0.153459
212 0.225943 0.287932 0.115094 0.205031
315 0.353774 0.306171 0.112264 0.181132
316 0.467453 0.292964 0.101887 0.210063
317 0.616509 0.294222 0.132075 0.237736
13 0.745755 0.316863 0.094340 0.144654
134 0.854245 0.321266 0.111321 0.158491
83 0.115094 0.528184 0.131132 0.157233
26 0.239623 0.542649 0.117925 0.158491
205 0.369811 0.540134 0.127358 0.155975
553 0.505189 0.559631 0.115094 0.164780
31 0.631604 0.545794 0.120755 0.197484
32 0.761792 0.545165 0.109434 0.193711
75 0.880660 0.553341 0.124528 0.139623
511 0.236792 0.727555 0.102830 0.150943
512 0.335849 0.781643 0.072642 0.140881
513 0.452830 0.763404 0.116038 0.187421
514 0.586321 0.772838 0.103774 0.153459
516 0.721226 0.783530 0.098113 0.174843
