26 0.186792 0.424410 0.136792 0.168553
27 0.325472 0.428184 0.117925 0.176101
28 0.444811 0.418750 0.103774 0.134591
29 0.561321 0.409945 0.099057 0.162264
30 0.697170 0.425668 0.119811 0.166038
31 0.825943 0.422524 0.111321 0.177358
32 0.939623 0.423153 0.117925 0.198742
33 0.189151 0.616234 0.115094 0.147170
34 0.316981 0.619379 0.104717 0.148428
35 0.445755 0.606171 0.145283 0.172327
36 0.582075 0.615605 0.123585 0.193711
37 0.701415 0.613719 0.111321 0.167296
38 0.812736 0.617492 0.083019 0.172327
39 0.934434 0.611203 0.122642 0.174843
511 0.297170 0.806171 0.099057 0.167296
512 0.379245 0.843278 0.061321 0.133333
513 0.471698 0.807429 0.083962 0.164780
514 0.557075 0.818121 0.064151 0.145912
515 0.647170 0.822524 0.066981 0.172327
