125 0.085849 0.264033 0.138679 0.174843
554 0.219340 0.280385 0.135849 0.154717
555 0.357547 0.271580 0.125472 0.174843
250 0.488679 0.270951 0.121698 0.193711
128 0.616981 0.301769 0.110377 0.174843
318 0.728774 0.320008 0.113208 0.161006
75 0.863208 0.318750 0.121698 0.150943
75 0.103774 0.492964 0.136792 0.144654
29 0.238208 0.491706 0.116981 0.187421
318 0.373585 0.492964 0.131132 0.167296
319 0.498113 0.470322 0.117925 0.177358
318 0.613208 0.509945 0.121698 0.161006
7 0.732547 0.494851 0.109434 0.178616
320 0.857075 0.503656 0.132075 0.178616
515 0.269340 0.722524 0.092453 0.198742
550 0.368868 0.740763 0.068868 0.154717
516 0.504245 0.733844 0.090566 0.216352
517 0.587264 0.786046 0.090566 0.184906
520 0.734906 0.755857 0.116038 0.217610
