15 0.078774 0.225039 0.116981 0.132075
282 0.220283 0.242649 0.120755 0.220126
4 0.362736 0.249568 0.086792 0.178616
141 0.470755 0.268436 0.072642 0.211321
206 0.600943 0.264662 0.104717 0.218868
325 0.741509 0.274096 0.131132 0.187421
229 0.873113 0.283530 0.124528 0.163522
328 0.087736 0.469064 0.123585 0.220126
329 0.257547 0.474725 0.174528 0.176101
96 0.399528 0.471580 0.101887 0.164780
104 0.503302 0.474725 0.098113 0.198742
331 0.625943 0.475354 0.132075 0.189937
9 0.747642 0.492335 0.109434 0.178616
333 0.867453 0.478498 0.105660 0.178616
518 0.308962 0.740763 0.156604 0.240252
519 0.441509 0.762775 0.093396 0.201258
520 0.571226 0.759631 0.128302 0.212579
521 0.720755 0.765920 0.083962 0.210063
524 0.842925 0.772838 0.132075 0.203774
