335 0.078774 0.308687 0.113208 0.193711
336 0.190566 0.302398 0.123585 0.191195
337 0.343868 0.322524 0.162264 0.186164
75 0.490566 0.340763 0.136792 0.154717
29 0.615094 0.327555 0.117925 0.186164
318 0.761792 0.352083 0.167925 0.182390
338 0.912264 0.345165 0.121698 0.183648
318 0.095755 0.555857 0.124528 0.164780
340 0.221698 0.548939 0.123585 0.186164
341 0.340094 0.555228 0.122642 0.178616
340 0.468868 0.549568 0.110377 0.177358
342 0.600000 0.572838 0.138679 0.168553
77 0.761321 0.583530 0.148113 0.137107
343 0.906132 0.611832 0.175472 0.186164
522 0.244340 0.787932 0.178302 0.216352
523 0.385849 0.837618 0.114151 0.119497
524 0.515094 0.828813 0.112264 0.215094
525 0.608019 0.891077 0.079245 0.118239
528 0.706604 0.850825 0.104717 0.238994
