530 0.298113 0.711832 0.106604 0.172327
531 0.386792 0.785417 0.078302 0.163522
532 0.501887 0.736989 0.091509 0.164780
533 0.583491 0.775983 0.075472 0.111950
536 0.698113 0.776612 0.112264 0.193711
357 0.133491 0.331958 0.100000 0.144654
61 0.259434 0.347681 0.127358 0.150943
25 0.383962 0.348310 0.099057 0.147170
262 0.478302 0.359002 0.106604 0.166038
57 0.597642 0.370322 0.150943 0.163522
136 0.729245 0.370951 0.125472 0.132075
22 0.880660 0.354599 0.135849 0.164780
363 0.164151 0.514976 0.121698 0.153459
273 0.286792 0.513719 0.108491 0.171069
44 0.390566 0.536360 0.089623 0.135849
336 0.488679 0.541392 0.100943 0.155975
354 0.601415 0.548939 0.109434 0.176101
368 0.722170 0.552083 0.130189 0.187421
369 0.870283 0.560259 0.103774 0.150943
