128 0.070755 0.330071 0.108491 0.148428
16 0.185377 0.330700 0.098113 0.164780
94 0.300472 0.351454 0.105660 0.206289
47 0.435849 0.348939 0.095283 0.178616
374 0.577358 0.352083 0.121698 0.182390
33 0.717925 0.365291 0.117925 0.181132
376 0.875943 0.355857 0.143396 0.169811
379 0.100472 0.557744 0.124528 0.153459
556 0.208491 0.557744 0.104717 0.155975
380 0.318868 0.584159 0.108491 0.213836
381 0.427358 0.589819 0.087736 0.189937
382 0.579245 0.596737 0.097170 0.173585
380 0.725000 0.609945 0.086792 0.207547
66 0.861321 0.588561 0.125472 0.184906
534 0.262264 0.790448 0.070755 0.168553
535 0.362264 0.839505 0.066981 0.095597
536 0.471698 0.819379 0.082075 0.173585
537 0.557075 0.862146 0.069811 0.123270
540 0.681132 0.866549 0.095283 0.182390
