538 0.309906 0.673467 0.075472 0.150943
539 0.376415 0.711203 0.065094 0.088050
540 0.478302 0.693593 0.061321 0.161006
541 0.544340 0.731329 0.053774 0.083019
544 0.668868 0.714976 0.087736 0.171069
265 0.142453 0.272838 0.116038 0.149686
387 0.253774 0.293593 0.076415 0.183648
388 0.355660 0.274096 0.089623 0.149686
389 0.474528 0.270322 0.089623 0.139623
390 0.600472 0.255857 0.098113 0.161006
103 0.734906 0.254599 0.142453 0.178616
129 0.881604 0.247052 0.132075 0.155975
395 0.190566 0.482901 0.121698 0.152201
122 0.297170 0.482901 0.082075 0.164780
290 0.398585 0.490448 0.098113 0.132075
398 0.510849 0.477869 0.109434 0.154717
399 0.643396 0.480385 0.123585 0.152201
400 0.775943 0.480385 0.111321 0.172327
401 0.888208 0.486675 0.094340 0.207547
