47 0.091981 0.378498 0.120755 0.162264
403 0.234906 0.355228 0.114151 0.216352
404 0.358491 0.374096 0.089623 0.178616
405 0.476887 0.379756 0.083019 0.189937
141 0.570283 0.390448 0.077358 0.186164
407 0.695755 0.396737 0.124528 0.166038
337 0.854717 0.396108 0.133019 0.144654
96 0.113679 0.613090 0.107547 0.153459
411 0.265566 0.614347 0.133962 0.186164
374 0.404245 0.630071 0.107547 0.167296
373 0.508962 0.635731 0.092453 0.198742
412 0.605660 0.625668 0.097170 0.161006
412 0.707547 0.616863 0.102830 0.155975
413 0.839623 0.623781 0.140566 0.179874
542 0.312736 0.859631 0.141509 0.148428
543 0.466981 0.890448 0.104717 0.104403
544 0.588679 0.870951 0.087736 0.183648
545 0.666509 0.904285 0.064151 0.099371
546 0.758491 0.874725 0.082075 0.211321
