546 0.291509 0.782272 0.100943 0.232704
548 0.528302 0.790448 0.097170 0.181132
549 0.644811 0.850825 0.092453 0.120755
501 0.763679 0.829442 0.135849 0.233962
222 0.113208 0.304285 0.127358 0.187421
416 0.245755 0.312461 0.133962 0.171069
417 0.395755 0.323153 0.116981 0.164780
132 0.555189 0.337618 0.130189 0.173585
277 0.690566 0.335102 0.100943 0.178616
420 0.818868 0.367178 0.112264 0.172327
224 0.942925 0.362146 0.101887 0.225157
218 0.112264 0.539505 0.121698 0.187421
84 0.264151 0.543907 0.100943 0.125786
31 0.407075 0.548310 0.109434 0.172327
425 0.546698 0.564662 0.118868 0.197484
152 0.702830 0.575983 0.110377 0.159748
262 0.829717 0.587303 0.109434 0.172327
41 0.941038 0.608687 0.101887 0.177358
