431 0.121226 0.316863 0.141509 0.222642
429 0.274057 0.328813 0.147170 0.173585
147 0.413679 0.327555 0.109434 0.191195
136 0.539623 0.327555 0.123585 0.150943
173 0.675472 0.333844 0.110377 0.191195
436 0.777830 0.347681 0.083019 0.153459
437 0.890566 0.336989 0.093396 0.142138
31 0.133962 0.565291 0.138679 0.196226
440 0.287264 0.555228 0.130189 0.201258
441 0.430189 0.556486 0.117925 0.198742
442 0.562736 0.554599 0.124528 0.164780
126 0.692453 0.560259 0.119811 0.145912
444 0.793868 0.560888 0.096226 0.159748
16 0.912264 0.557115 0.114151 0.169811
503 0.280660 0.796108 0.100000 0.169811
504 0.396698 0.798624 0.073585 0.167296
505 0.512264 0.789190 0.110377 0.171069
552 0.627358 0.836360 0.082075 0.127044
508 0.761792 0.814347 0.126415 0.213836
