506 0.330189 0.772838 0.076415 0.178616
507 0.432547 0.793593 0.075472 0.157233
508 0.535849 0.805542 0.080189 0.181132
509 0.629245 0.845165 0.070755 0.099371
511 0.730660 0.814976 0.113208 0.215094
120 0.155189 0.367178 0.101887 0.144654
449 0.282075 0.377869 0.095283 0.148428
450 0.383491 0.391706 0.088679 0.158491
451 0.501415 0.392335 0.109434 0.164780
452 0.607547 0.410574 0.091509 0.178616
453 0.738208 0.412461 0.143396 0.187421
454 0.881132 0.401769 0.134906 0.168553
74 0.162736 0.570322 0.098113 0.128302
458 0.281132 0.566549 0.100943 0.176101
459 0.409906 0.581014 0.135849 0.157233
460 0.522170 0.577869 0.103774 0.178616
461 0.630189 0.579127 0.104717 0.158491
462 0.749528 0.572838 0.107547 0.150943
463 0.881604 0.578498 0.122642 0.174843
