40 0.099528 0.149568 0.137736 0.235220
41 0.239623 0.157744 0.133019 0.208805
3 0.392453 0.178498 0.133019 0.215094
4 0.513679 0.185417 0.086792 0.213836
42 0.651887 0.189819 0.146226 0.172327
41 0.788208 0.198624 0.120755 0.192453
43 0.916981 0.191077 0.127358 0.184906
44 0.111792 0.379127 0.105660 0.138365
25 0.258019 0.369064 0.126415 0.143396
45 0.389151 0.381643 0.139623 0.181132
46 0.526887 0.377241 0.130189 0.157233
47 0.658491 0.373467 0.125472 0.149686
48 0.778302 0.379127 0.117925 0.166038
49 0.908491 0.374725 0.155660 0.174843
516 0.290094 0.587303 0.081132 0.184906
517 0.372170 0.621266 0.060377 0.152201
518 0.516509 0.563404 0.113208 0.174843
519 0.618396 0.565291 0.079245 0.161006
520 0.724528 0.569064 0.100943 0.178616
