510 0.315094 0.798624 0.108491 0.205031
551 0.435849 0.826297 0.083962 0.202516
511 0.558491 0.826297 0.100943 0.205031
512 0.675000 0.892335 0.092453 0.188679
515 0.799057 0.843278 0.093396 0.193711
464 0.140566 0.280385 0.114151 0.207547
465 0.272170 0.294851 0.149057 0.206289
15 0.408019 0.330700 0.101887 0.144654
149 0.519340 0.332586 0.118868 0.143396
466 0.631132 0.341392 0.093396 0.163522
173 0.757547 0.367807 0.121698 0.191195
38 0.876887 0.357115 0.079245 0.189937
236 0.167453 0.547681 0.109434 0.198742
470 0.311792 0.557115 0.139623 0.184906
471 0.449057 0.573467 0.125472 0.197484
382 0.550943 0.577869 0.078302 0.135849
472 0.651887 0.579127 0.114151 0.166038
104 0.768396 0.577241 0.107547 0.172327
152 0.882075 0.599882 0.112264 0.167296
