429 0.091509 0.287932 0.134906 0.167296
179 0.232075 0.298624 0.112264 0.191195
431 0.350472 0.306171 0.101887 0.196226
429 0.464151 0.333215 0.121698 0.167296
147 0.601415 0.336989 0.107547 0.192453
136 0.716981 0.362775 0.123585 0.145912
173 0.876887 0.360888 0.128302 0.169811
83 0.117925 0.552712 0.114151 0.161006
439 0.253302 0.569064 0.130189 0.168553
31 0.377830 0.571580 0.111321 0.183648
440 0.494811 0.571580 0.105660 0.181132
441 0.611792 0.587932 0.094340 0.166038
442 0.723585 0.606171 0.106604 0.144654
126 0.860849 0.604285 0.103774 0.153459
513 0.278774 0.796737 0.101887 0.178616
514 0.392925 0.809316 0.092453 0.176101
515 0.543868 0.831329 0.069811 0.205031
550 0.650943 0.877869 0.076415 0.162264
518 0.766509 0.872209 0.116981 0.211321
