516 0.290094 0.785417 0.079245 0.173585
517 0.400943 0.818121 0.076415 0.125786
518 0.511321 0.796108 0.097170 0.147170
519 0.608491 0.818750 0.066981 0.174843
522 0.723113 0.835731 0.135849 0.158491
446 0.102358 0.289190 0.126415 0.184906
120 0.393396 0.324410 0.106604 0.184906
449 0.496698 0.324410 0.111321 0.162264
450 0.617925 0.337618 0.119811 0.188679
451 0.744340 0.335731 0.136792 0.184906
452 0.870755 0.369064 0.093396 0.208805
306 0.130189 0.555228 0.134906 0.178616
248 0.272170 0.553341 0.141509 0.182390
74 0.402358 0.580385 0.090566 0.148428
458 0.511321 0.581643 0.116038 0.203774
459 0.646698 0.587303 0.122642 0.142138
460 0.761321 0.575983 0.102830 0.167296
461 0.863208 0.579127 0.112264 0.163522
