4 0.144811 0.300511 0.105660 0.197484
5 0.266038 0.297995 0.102830 0.172327
464 0.404717 0.275354 0.116038 0.200000
465 0.536792 0.284159 0.131132 0.194969
15 0.659906 0.314347 0.088679 0.111950
149 0.788679 0.307429 0.108491 0.158491
466 0.892453 0.306800 0.095283 0.174843
68 0.172642 0.536989 0.116038 0.194969
236 0.296226 0.533844 0.104717 0.221384
470 0.427358 0.541392 0.146226 0.188679
471 0.574057 0.538876 0.124528 0.178616
382 0.684906 0.544536 0.076415 0.154717
472 0.784434 0.543278 0.101887 0.154717
104 0.884434 0.542020 0.101887 0.164780
520 0.351887 0.772209 0.117925 0.164780
521 0.448585 0.779127 0.062264 0.158491
522 0.557547 0.778498 0.142453 0.192453
523 0.686321 0.808058 0.100000 0.090566
526 0.792925 0.803656 0.124528 0.200000
