28 0.108019 0.296737 0.107547 0.149686
29 0.224528 0.296737 0.104717 0.157233
30 0.351887 0.303027 0.104717 0.177358
31 0.469811 0.302398 0.106604 0.171069
32 0.594340 0.314976 0.125472 0.183648
33 0.720283 0.320637 0.107547 0.162264
34 0.841509 0.313090 0.099057 0.124528
37 0.155189 0.560259 0.101887 0.173585
38 0.256132 0.550825 0.079245 0.174843
39 0.362264 0.538876 0.123585 0.191195
474 0.507075 0.555857 0.132075 0.169811
149 0.633962 0.559631 0.117925 0.137107
476 0.744811 0.567178 0.100000 0.147170
319 0.847170 0.553970 0.106604 0.188679
524 0.285377 0.796108 0.118868 0.187421
525 0.399057 0.840763 0.072642 0.113208
526 0.518396 0.795480 0.100000 0.183648
527 0.608962 0.847052 0.073585 0.085535
530 0.729245 0.793593 0.110377 0.164780
