528 0.235377 0.775354 0.107547 0.188679
529 0.338208 0.850197 0.100000 0.149686
530 0.475472 0.800511 0.114151 0.183648
531 0.575000 0.899253 0.090566 0.187421
534 0.677830 0.837618 0.120755 0.205031
26 0.091038 0.301769 0.139623 0.182390
27 0.211792 0.318750 0.100000 0.178616
28 0.325000 0.334473 0.113208 0.169811
29 0.445283 0.342649 0.114151 0.176101
30 0.579717 0.360259 0.111321 0.178616
31 0.715094 0.364662 0.119811 0.189937
32 0.847642 0.364662 0.120755 0.200000
35 0.134906 0.564033 0.150000 0.163522
36 0.259906 0.567178 0.098113 0.169811
37 0.366509 0.575983 0.109434 0.159748
38 0.471226 0.586046 0.098113 0.202516
39 0.594811 0.591706 0.107547 0.203774
474 0.726415 0.610574 0.159434 0.176101
149 0.866038 0.616863 0.121698 0.173585
