152 0.114151 0.297995 0.125472 0.194969
389 0.236792 0.296108 0.110377 0.178616
50 0.367453 0.297995 0.111321 0.174843
15 0.488679 0.313719 0.123585 0.161006
51 0.628774 0.326297 0.132075 0.211321
52 0.767925 0.333215 0.119811 0.147170
53 0.912264 0.334473 0.121698 0.177358
56 0.146226 0.525039 0.123585 0.150943
32 0.261321 0.536989 0.108491 0.174843
57 0.388679 0.542020 0.146226 0.182390
3 0.514623 0.557115 0.105660 0.187421
4 0.631132 0.570322 0.093396 0.148428
559 0.765094 0.577241 0.133019 0.144654
59 0.898585 0.577869 0.111321 0.155975
532 0.277830 0.770322 0.116981 0.198742
533 0.370283 0.804914 0.079245 0.134591
534 0.471698 0.774725 0.102830 0.162264
535 0.557075 0.813090 0.073585 0.118239
538 0.672170 0.809945 0.120755 0.189937
