536 0.305660 0.806800 0.104717 0.171069
537 0.417925 0.815605 0.070755 0.108176
538 0.521226 0.816863 0.088679 0.155975
539 0.602830 0.856486 0.061321 0.081761
542 0.716981 0.847681 0.114151 0.162264
182 0.151415 0.301769 0.115094 0.212579
557 0.268396 0.309316 0.115094 0.124528
96 0.373113 0.323153 0.084906 0.127044
21 0.490094 0.338876 0.124528 0.163522
286 0.608962 0.343278 0.111321 0.179874
481 0.739151 0.347681 0.141509 0.183648
417 0.869811 0.367807 0.110377 0.135849
171 0.186792 0.545165 0.146226 0.196226
486 0.316509 0.573467 0.115094 0.152201
86 0.424057 0.567178 0.094340 0.149686
488 0.529717 0.564033 0.115094 0.168553
489 0.633962 0.540134 0.093396 0.166038
490 0.750000 0.565920 0.134906 0.172327
273 0.875472 0.562775 0.116038 0.186164
