493 0.127830 0.316234 0.162264 0.208805
494 0.270283 0.325668 0.113208 0.154717
495 0.407547 0.325668 0.166981 0.169811
255 0.542453 0.336360 0.095283 0.166038
497 0.648585 0.331329 0.101887 0.176101
498 0.752358 0.336989 0.105660 0.169811
60 0.902830 0.333844 0.106604 0.203774
52 0.140094 0.557115 0.133962 0.142138
63 0.291509 0.553970 0.150000 0.178616
64 0.429717 0.543278 0.130189 0.164780
65 0.549057 0.535731 0.110377 0.139623
66 0.666981 0.525668 0.121698 0.177358
67 0.782547 0.526297 0.111321 0.188679
68 0.902830 0.537618 0.119811 0.193711
540 0.334434 0.777869 0.103774 0.186164
541 0.435849 0.814347 0.074528 0.110692
542 0.583962 0.794851 0.140566 0.200000
543 0.700943 0.838247 0.085849 0.110692
546 0.828774 0.809316 0.101887 0.226415
