544 0.208019 0.840134 0.122642 0.157233
545 0.319811 0.871580 0.065094 0.094340
546 0.441038 0.843907 0.083019 0.184906
547 0.527358 0.903027 0.076415 0.164780
548 0.632075 0.837618 0.087736 0.182390
70 0.070755 0.323781 0.114151 0.193711
51 0.193396 0.335731 0.134906 0.237736
558 0.338208 0.362775 0.120755 0.166038
37 0.454717 0.349568 0.110377 0.212579
335 0.562264 0.341392 0.106604 0.188679
16 0.669340 0.364033 0.107547 0.203774
77 0.795283 0.389819 0.136792 0.157233
79 0.089623 0.586675 0.123585 0.161006
134 0.221698 0.588561 0.106604 0.154717
357 0.352358 0.586675 0.128302 0.188679
43 0.479717 0.580385 0.105660 0.153459
173 0.593396 0.591706 0.123585 0.171069
78 0.716981 0.600511 0.125472 0.158491
47 0.828302 0.597995 0.097170 0.145912
