50 0.096226 0.111832 0.129245 0.194969
15 0.247170 0.136360 0.127358 0.161006
51 0.380660 0.145165 0.116981 0.223899
52 0.515566 0.170951 0.126415 0.182390
53 0.652358 0.175983 0.120755 0.194969
54 0.797170 0.182901 0.119811 0.153459
55 0.926887 0.176612 0.105660 0.206289
56 0.146698 0.347052 0.156604 0.189937
32 0.275943 0.338876 0.105660 0.181132
57 0.387736 0.340134 0.133019 0.188679
3 0.520755 0.360888 0.114151 0.177358
4 0.626887 0.373467 0.092453 0.177358
58 0.756132 0.369064 0.150943 0.163522
59 0.894340 0.383530 0.097170 0.169811
522 0.308019 0.569064 0.132075 0.178616
523 0.423585 0.586046 0.102830 0.132075
524 0.537736 0.570951 0.089623 0.177358
525 0.619811 0.591077 0.072642 0.106918
526 0.719340 0.559002 0.096226 0.178616
