528 0.218396 0.850825 0.090566 0.196226
529 0.299057 0.889190 0.055660 0.142138
530 0.400472 0.820637 0.115094 0.178616
531 0.503302 0.875354 0.077358 0.174843
532 0.629717 0.823153 0.120755 0.178616
60 0.101887 0.326297 0.127358 0.231447
61 0.244340 0.339505 0.157547 0.177358
62 0.395755 0.336989 0.135849 0.215094
52 0.518396 0.336360 0.111321 0.163522
63 0.642925 0.344536 0.137736 0.187421
64 0.773585 0.353970 0.125472 0.168553
65 0.900000 0.359631 0.127358 0.179874
66 0.123585 0.587932 0.131132 0.226415
67 0.258491 0.594851 0.138679 0.197484
68 0.383962 0.587303 0.117925 0.222642
346 0.504717 0.585417 0.121698 0.208805
69 0.637264 0.599882 0.137736 0.189937
70 0.762736 0.611203 0.107547 0.210063
51 0.889623 0.617492 0.125472 0.242767
