534 0.305660 0.600511 0.100943 0.155975
535 0.400472 0.623781 0.075472 0.101887
536 0.489623 0.592964 0.083962 0.153459
537 0.569340 0.620008 0.079245 0.111950
538 0.692925 0.587303 0.124528 0.187421
62 0.119811 0.172838 0.148113 0.201258
71 0.278302 0.187932 0.161321 0.206289
12 0.425000 0.186675 0.118868 0.181132
72 0.539151 0.187303 0.092453 0.222642
73 0.670755 0.192335 0.129245 0.202516
74 0.785377 0.209316 0.103774 0.145912
59 0.909906 0.202398 0.118868 0.192453
24 0.131604 0.406800 0.118868 0.186164
25 0.279245 0.384788 0.116038 0.169811
75 0.399057 0.389190 0.117925 0.161006
76 0.538679 0.386046 0.153774 0.177358
77 0.670283 0.383530 0.094340 0.106918
13 0.782075 0.389190 0.080189 0.150943
49 0.900000 0.398624 0.119811 0.177358
