78 0.139151 0.304285 0.147170 0.172327
47 0.263208 0.306800 0.104717 0.159748
79 0.369340 0.323781 0.107547 0.140881
71 0.493396 0.325668 0.140566 0.184906
17 0.609434 0.325039 0.102830 0.186164
80 0.748113 0.338876 0.144340 0.203774
81 0.889623 0.348310 0.125472 0.157233
82 0.141981 0.505542 0.143396 0.149686
83 0.271226 0.504285 0.111321 0.159748
84 0.383962 0.509945 0.104717 0.148428
4 0.484906 0.523781 0.089623 0.166038
86 0.594340 0.520637 0.104717 0.157233
87 0.722170 0.538247 0.133962 0.172327
88 0.868396 0.580385 0.120755 0.201258
540 0.261792 0.726297 0.107547 0.188679
541 0.350000 0.757115 0.063208 0.106918
542 0.472642 0.729442 0.116038 0.177358
543 0.578302 0.770951 0.083962 0.089308
544 0.682547 0.744536 0.107547 0.157233
