546 0.304245 0.706800 0.088679 0.174843
547 0.386321 0.770322 0.066038 0.128302
548 0.499528 0.711203 0.079245 0.158491
549 0.582075 0.762146 0.074528 0.109434
501 0.694811 0.733844 0.116981 0.183648
89 0.141038 0.287303 0.124528 0.171069
90 0.255660 0.296737 0.082075 0.179874
17 0.345283 0.301769 0.097170 0.179874
91 0.494340 0.313719 0.119811 0.203774
92 0.620755 0.334473 0.104717 0.174843
93 0.741981 0.345794 0.109434 0.189937
69 0.872642 0.367807 0.127358 0.191195
77 0.137736 0.486675 0.125472 0.114465
94 0.261321 0.511203 0.104717 0.155975
94 0.375000 0.514347 0.096226 0.147170
196 0.491509 0.516863 0.131132 0.169811
96 0.623113 0.536360 0.090566 0.128302
68 0.731132 0.526926 0.097170 0.149686
54 0.845755 0.543907 0.115094 0.140881
