1 0.091705 0.369432 0.115207 0.185868
2 0.220737 0.374808 0.096774 0.175115
3 0.345161 0.387865 0.105991 0.192012
4 0.474194 0.402458 0.082949 0.202765
4 0.585369 0.394009 0.093318 0.207373
6 0.731682 0.397849 0.148618 0.215054
7 0.886636 0.405530 0.115207 0.258065
8 0.098041 0.625192 0.123272 0.215054
9 0.221313 0.618280 0.109447 0.192012
10 0.346313 0.618280 0.112903 0.179724
3 0.471313 0.635945 0.097926 0.178187
4 0.584793 0.636713 0.080645 0.179724
11 0.722465 0.642857 0.127880 0.188940
9 0.853226 0.640553 0.103687 0.165899
