62 0.281221 0.417051 0.116359 0.219662
13 0.144124 0.416283 0.100230 0.187404
99 0.414286 0.423963 0.085253 0.208909
100 0.560023 0.442396 0.093318 0.208909
28 0.682143 0.458525 0.097926 0.161290
101 0.792742 0.441628 0.081797 0.207373
82 0.924078 0.462980 0.120968 0.184332
103 0.122235 0.605837 0.107143 0.159754
104 0.272581 0.615822 0.096774 0.155146
105 0.416014 0.630415 0.095622 0.172043
106 0.550806 0.638863 0.091014 0.158218
107 0.696544 0.648080 0.108295 0.142857
2 0.813479 0.648848 0.086406 0.162826
108 0.926382 0.668817 0.079493 0.162826
