109 0.119638 0.412965 0.124881 0.204639
21 0.291230 0.429488 0.138227 0.189387
110 0.453289 0.432666 0.090562 0.195742
86 0.583413 0.447283 0.097235 0.181760
84 0.700667 0.459994 0.091516 0.148713
24 0.796473 0.472069 0.071497 0.160153
112 0.903718 0.480330 0.097235 0.169050
6 0.147283 0.651287 0.132507 0.190658
7 0.300286 0.644932 0.095329 0.180489
17 0.449476 0.648745 0.102002 0.193200
18 0.577216 0.652558 0.115348 0.157610
115 0.697807 0.640483 0.089609 0.130918
116 0.813632 0.658278 0.090562 0.125834
54 0.916111 0.657007 0.091516 0.130918
