117 0.118208 0.433937 0.139180 0.216079
118 0.256435 0.453638 0.074357 0.130918
119 0.378456 0.447919 0.099142 0.167779
120 0.506196 0.454909 0.087703 0.133460
77 0.606768 0.449190 0.061964 0.088974
121 0.712583 0.473340 0.096282 0.127105
122 0.817445 0.461900 0.082936 0.160153
44 0.142040 0.641119 0.095329 0.137274
123 0.272641 0.636034 0.080076 0.157610
124 0.393708 0.637941 0.078170 0.171592
259 0.499523 0.637305 0.070543 0.147442
125 0.625834 0.630950 0.084843 0.155068
126 0.729743 0.639847 0.077216 0.139816
127 0.833174 0.648745 0.097235 0.152526
