128 0.133937 0.342548 0.107722 0.130918
129 0.270734 0.348904 0.101049 0.156339
130 0.416111 0.358437 0.105815 0.162695
131 0.535272 0.401017 0.077216 0.186845
132 0.645377 0.383222 0.102955 0.146171
133 0.766921 0.392119 0.117255 0.184303
134 0.883222 0.395297 0.082936 0.155068
135 0.139657 0.522402 0.117255 0.134731
4 0.275500 0.537655 0.068637 0.139816
31 0.408484 0.544010 0.090562 0.152526
360 0.547664 0.563711 0.079123 0.100413
137 0.658246 0.557356 0.096282 0.120750
138 0.764538 0.567525 0.081983 0.153797
139 0.872259 0.575786 0.074357 0.106768
