54 0.143470 0.389577 0.111535 0.156339
140 0.281220 0.399110 0.118208 0.149984
270 0.410391 0.423896 0.073403 0.148713
142 0.515729 0.437877 0.104862 0.174134
143 0.637750 0.430887 0.083889 0.149984
75 0.734986 0.443597 0.087703 0.124563
144 0.844614 0.448046 0.097235 0.186845
175 0.145377 0.588497 0.111535 0.160153
189 0.293136 0.589768 0.142040 0.147442
243 0.422307 0.589768 0.081983 0.124563
21 0.533842 0.587861 0.114395 0.120750
148 0.654909 0.570702 0.072450 0.109310
149 0.743089 0.590404 0.081030 0.100413
150 0.837941 0.594217 0.072450 0.087703
