89 0.130124 0.431522 0.122974 0.179218
151 0.265968 0.463934 0.080076 0.188116
68 0.391325 0.458850 0.092469 0.185574
15 0.495710 0.502065 0.070543 0.104226
152 0.615825 0.493804 0.112488 0.141087
153 0.743089 0.509056 0.098189 0.143629
134 0.864633 0.498252 0.080076 0.129647
155 0.134890 0.642517 0.122974 0.141087
156 0.261678 0.646965 0.090562 0.134731
77 0.385605 0.636797 0.063870 0.071179
157 0.501907 0.654592 0.054337 0.127105
13 0.632031 0.653956 0.061010 0.123292
211 0.757865 0.650779 0.078170 0.099142
32 0.879886 0.652685 0.091516 0.158881
