160 0.119638 0.434064 0.092469 0.202097
161 0.243089 0.418812 0.095329 0.186845
79 0.375119 0.431522 0.084843 0.151255
162 0.510963 0.455672 0.106768 0.136003
163 0.649190 0.438513 0.099142 0.137274
85 0.757865 0.456308 0.083889 0.144900
164 0.852717 0.466476 0.073403 0.162695
360 0.121068 0.633365 0.104862 0.136003
5 0.260248 0.626374 0.101049 0.144900
128 0.386082 0.617477 0.081983 0.134731
268 0.519542 0.618112 0.068637 0.123292
167 0.646806 0.619384 0.088656 0.118208
168 0.748332 0.631459 0.081983 0.134731
169 0.863203 0.635907 0.098189 0.153797
