170 0.091039 0.418812 0.142040 0.174134
97 0.245949 0.444233 0.106768 0.128376
171 0.390848 0.441690 0.101049 0.153797
172 0.510486 0.471560 0.086749 0.160153
173 0.633937 0.452494 0.093422 0.122021
174 0.754051 0.439148 0.080076 0.141087
175 0.857483 0.451223 0.075310 0.149984
176 0.102955 0.657134 0.142993 0.147442
13 0.244042 0.645694 0.078170 0.101684
177 0.389418 0.629806 0.102002 0.138545
239 0.516206 0.629171 0.102002 0.122021
179 0.647283 0.623451 0.095329 0.148713
180 0.761201 0.643152 0.096282 0.167779
181 0.869876 0.645059 0.084843 0.115666
