182 0.120114 0.396568 0.123928 0.180489
183 0.266444 0.419447 0.121068 0.147442
173 0.400381 0.415634 0.097235 0.144900
184 0.513346 0.401652 0.084843 0.162695
185 0.640610 0.409279 0.097235 0.147442
130 0.765491 0.421989 0.083889 0.137274
21 0.890372 0.415634 0.139180 0.149984
121 0.108198 0.606292 0.130601 0.127105
357 0.268351 0.610105 0.102002 0.139816
188 0.420877 0.612647 0.115348 0.137274
146 0.544805 0.612647 0.109628 0.116937
190 0.667302 0.599936 0.095329 0.155068
191 0.782173 0.603114 0.098189 0.158881
192 0.906101 0.599936 0.115348 0.149984
