193 0.130124 0.337337 0.082936 0.109310
194 0.263108 0.343692 0.099142 0.160153
195 0.385605 0.369113 0.067684 0.122021
196 0.486177 0.355132 0.087703 0.155068
197 0.594852 0.378646 0.081983 0.163966
197 0.699714 0.381188 0.074357 0.148713
198 0.797903 0.389450 0.083889 0.165237
199 0.115825 0.526724 0.082936 0.137274
200 0.251192 0.528630 0.086749 0.130918
201 0.386082 0.545154 0.091516 0.151255
202 0.500477 0.548332 0.099142 0.124563
203 0.611535 0.548967 0.067684 0.128376
204 0.814585 0.552780 0.094376 0.125834
96 0.713060 0.552145 0.064824 0.101684
