12 0.101049 0.399110 0.101049 0.188116
13 0.268351 0.422625 0.084843 0.133460
14 0.417064 0.408643 0.132507 0.158881
15 0.535748 0.428344 0.074357 0.099142
16 0.637750 0.409279 0.095329 0.119479
17 0.741659 0.402288 0.085796 0.174134
18 0.866063 0.426438 0.088656 0.123292
19 0.133937 0.618367 0.153480 0.125834
20 0.273117 0.605021 0.103908 0.134731
21 0.419924 0.599936 0.130601 0.142358
22 0.549094 0.595488 0.112488 0.128376
23 0.657769 0.584048 0.078170 0.141087
24 0.747378 0.605021 0.078170 0.152526
25 0.859390 0.592310 0.090562 0.137274
