205 0.120114 0.478551 0.135367 0.153797
13 0.275500 0.463934 0.080076 0.129647
324 0.408484 0.455037 0.094376 0.144900
207 0.529075 0.452494 0.087703 0.142358
208 0.638227 0.459485 0.082936 0.118208
146 0.757865 0.446139 0.102955 0.109310
210 0.860343 0.434064 0.081030 0.125834
173 0.122498 0.655863 0.100095 0.122021
158 0.289800 0.638068 0.081983 0.116937
5 0.435653 0.627900 0.083889 0.142358
212 0.549094 0.619002 0.089609 0.137274
77 0.655386 0.608834 0.056244 0.058468
168 0.741659 0.629171 0.074357 0.116937
51 0.848904 0.622180 0.082936 0.171592
