215 0.063870 0.361614 0.102955 0.230060
216 0.230696 0.399110 0.104862 0.152526
217 0.367493 0.414998 0.115348 0.138545
218 0.510486 0.421989 0.109628 0.185574
147 0.657769 0.428344 0.085796 0.162695
360 0.795520 0.459485 0.092469 0.143629
219 0.918494 0.460121 0.092469 0.134731
302 0.063394 0.604385 0.086749 0.118208
101 0.212583 0.603750 0.102955 0.172863
24 0.368923 0.638068 0.095329 0.167779
181 0.510963 0.642517 0.101049 0.125834
221 0.651573 0.627264 0.094376 0.166508
7 0.805529 0.649507 0.099142 0.165237
31 0.912297 0.654592 0.091516 0.144900
