222 0.137274 0.526215 0.120114 0.155068
334 0.258341 0.545281 0.072450 0.104226
75 0.381792 0.545917 0.111535 0.108039
15 0.495234 0.559898 0.071497 0.090245
223 0.594376 0.545917 0.096282 0.143629
31 0.698761 0.556085 0.083889 0.156339
360 0.810296 0.552272 0.112488 0.123292
239 0.131077 0.721322 0.122974 0.153797
224 0.262631 0.738481 0.088656 0.195742
99 0.386559 0.703527 0.084843 0.141087
226 0.510010 0.711153 0.087703 0.110582
227 0.604385 0.702256 0.081983 0.120750
109 0.709724 0.706069 0.067684 0.110582
245 0.817445 0.676200 0.077216 0.111853
326 0.926597 0.669844 0.072450 0.109310
