230 0.073880 0.343184 0.086749 0.127105
231 0.215920 0.362250 0.117255 0.134731
232 0.349380 0.372418 0.111535 0.114395
233 0.464252 0.374325 0.085796 0.148713
234 0.566730 0.390213 0.065777 0.142358
75 0.675405 0.413727 0.090562 0.087703
117 0.765491 0.402923 0.068637 0.129647
266 0.849380 0.417541 0.066730 0.153797
237 0.073880 0.520496 0.084843 0.163966
238 0.212583 0.531935 0.064824 0.115666
15 0.358913 0.526215 0.092469 0.099142
346 0.470925 0.530029 0.085796 0.137274
178 0.576740 0.533206 0.085796 0.120750
22 0.688275 0.535113 0.112488 0.124563
241 0.789323 0.541468 0.085796 0.116937
242 0.875596 0.552908 0.069590 0.109310
