31 0.110105 0.364156 0.100095 0.156339
473 0.232126 0.376231 0.075310 0.165237
209 0.359867 0.396568 0.122974 0.132189
243 0.478074 0.376231 0.090562 0.142358
244 0.588656 0.395297 0.113441 0.137274
242 0.701621 0.389577 0.074357 0.163966
31 0.800763 0.392755 0.089609 0.147442
473 0.894185 0.404830 0.074357 0.158881
228 0.103432 0.572609 0.115348 0.199555
246 0.237369 0.594852 0.089609 0.142358
247 0.355577 0.573880 0.091516 0.158881
300 0.488084 0.580871 0.089609 0.114395
248 0.597712 0.564347 0.087703 0.142358
249 0.727359 0.573880 0.102955 0.133460
37 0.821258 0.564347 0.060057 0.114395
333 0.910391 0.589768 0.087703 0.142358
