250 0.113441 0.335558 0.080076 0.122021
251 0.206864 0.336829 0.078170 0.106768
301 0.293136 0.359708 0.073403 0.078805
253 0.382269 0.346362 0.070543 0.120750
254 0.489990 0.360343 0.083889 0.100413
255 0.588179 0.357166 0.066730 0.139816
256 0.694471 0.341277 0.100095 0.151255
39 0.808866 0.357801 0.082936 0.138545
257 0.108675 0.508421 0.087703 0.152526
147 0.204957 0.506514 0.080076 0.120750
258 0.301716 0.503972 0.079123 0.141087
259 0.384652 0.505243 0.065777 0.118208
260 0.497140 0.504608 0.090562 0.134731
261 0.613918 0.510963 0.093422 0.137274
427 0.717350 0.517954 0.084843 0.125834
312 0.807436 0.525580 0.076263 0.153797
