15 0.119638 0.455037 0.090562 0.106768
15 0.254528 0.449952 0.095329 0.096600
263 0.378932 0.437877 0.081030 0.148713
334 0.468541 0.462027 0.056244 0.110582
264 0.571020 0.467112 0.064824 0.153797
386 0.665396 0.455037 0.085796 0.127105
246 0.785033 0.448681 0.088656 0.127105
266 0.890372 0.429616 0.081983 0.160153
426 0.120591 0.648236 0.122974 0.142358
166 0.259771 0.642517 0.061964 0.120750
49 0.387989 0.645059 0.081983 0.123292
269 0.490944 0.648236 0.085796 0.106768
164 0.582936 0.657769 0.061964 0.169050
200 0.689228 0.644423 0.089609 0.162695
272 0.807436 0.632984 0.087703 0.180489
414 0.914204 0.618367 0.095329 0.181760
