22 0.093899 0.381951 0.130601 0.153797
274 0.246902 0.385764 0.120114 0.181760
275 0.363203 0.403559 0.083889 0.138545
276 0.455672 0.404830 0.080076 0.138545
277 0.567684 0.406101 0.077216 0.153797
278 0.687798 0.409914 0.103908 0.166508
279 0.820782 0.412456 0.099142 0.153797
280 0.936130 0.445504 0.110582 0.123292
281 0.082459 0.592946 0.081030 0.125834
322 0.244042 0.591675 0.087703 0.163966
283 0.367969 0.580871 0.093422 0.149984
334 0.466635 0.591675 0.060057 0.108039
188 0.580553 0.590404 0.114395 0.156339
396 0.705910 0.588497 0.096282 0.149984
285 0.810296 0.589133 0.097235 0.120750
480 0.931840 0.590404 0.107722 0.125834
