287 0.095806 0.426438 0.102002 0.158881
288 0.218780 0.435971 0.115348 0.144900
289 0.351764 0.455037 0.118208 0.142358
397 0.480934 0.457579 0.071497 0.137274
291 0.585796 0.465205 0.086749 0.172863
292 0.695424 0.474738 0.061964 0.148713
83 0.780267 0.482364 0.084843 0.136003
294 0.876072 0.497617 0.080076 0.133460
295 0.097712 0.629806 0.117255 0.153797
15 0.223070 0.639975 0.070543 0.080076
165 0.358437 0.632348 0.085796 0.146171
296 0.493327 0.632984 0.105815 0.147442
266 0.597712 0.629171 0.072450 0.134731
297 0.707340 0.640610 0.074357 0.122021
298 0.795043 0.655227 0.074357 0.191929
299 0.888465 0.642517 0.085796 0.136003
