50 0.075310 0.307595 0.087703 0.152526
300 0.201621 0.327931 0.109628 0.144900
301 0.325548 0.346997 0.103908 0.116937
44 0.466158 0.348904 0.076263 0.141087
303 0.592469 0.358437 0.115348 0.157610
269 0.698761 0.383858 0.085796 0.127105
304 0.811249 0.394026 0.110582 0.167779
305 0.931363 0.395933 0.106768 0.143629
455 0.070067 0.517318 0.121068 0.160153
307 0.205910 0.512234 0.097235 0.160153
308 0.337464 0.533842 0.116301 0.183031
309 0.477121 0.514776 0.098189 0.144900
310 0.599142 0.519225 0.067684 0.141087
75 0.706864 0.533842 0.077216 0.101684
312 0.813155 0.550365 0.076263 0.139816
313 0.929457 0.554814 0.081983 0.125834
