26 0.121544 0.367969 0.117255 0.148713
27 0.257865 0.383858 0.100095 0.132189
28 0.386559 0.391484 0.090562 0.119479
29 0.514299 0.411821 0.098189 0.193200
30 0.650143 0.399110 0.097235 0.167779
31 0.782650 0.408008 0.091516 0.162695
159 0.895138 0.429616 0.102955 0.160153
375 0.145377 0.592946 0.117255 0.148713
34 0.263584 0.612647 0.067684 0.119479
35 0.397045 0.617096 0.130601 0.136003
36 0.522879 0.612011 0.094376 0.148713
37 0.642993 0.610740 0.094376 0.138545
467 0.763108 0.637432 0.075310 0.176676
39 0.878932 0.634255 0.091516 0.144900
