434 0.137750 0.441055 0.107722 0.109310
212 0.262631 0.430887 0.079123 0.149984
315 0.382269 0.435971 0.076263 0.099142
316 0.472355 0.421989 0.071497 0.142358
317 0.576740 0.420083 0.083889 0.130918
334 0.670162 0.432158 0.043851 0.091516
154 0.751668 0.417541 0.071497 0.113124
311 0.838894 0.420083 0.074357 0.097871
438 0.116778 0.610105 0.102002 0.122021
181 0.243089 0.616969 0.099142 0.104226
205 0.376549 0.604894 0.093422 0.125834
553 0.497140 0.598538 0.075310 0.113124
31 0.589133 0.580744 0.068637 0.136003
159 0.680172 0.585828 0.067684 0.138545
75 0.772164 0.585828 0.085796 0.097871
189 0.868446 0.576295 0.087703 0.111853
