125 0.114395 0.364156 0.139180 0.166508
554 0.240229 0.374960 0.085796 0.157610
555 0.350810 0.385764 0.097235 0.161424
250 0.471878 0.382587 0.095329 0.142358
128 0.594852 0.395933 0.057197 0.141087
318 0.700191 0.407372 0.094376 0.153797
311 0.822212 0.432793 0.096282 0.128376
312 0.925643 0.431522 0.085796 0.163966
311 0.083889 0.593581 0.102955 0.109310
312 0.234032 0.580235 0.117255 0.166508
318 0.381316 0.578329 0.095329 0.144900
477 0.498093 0.575151 0.098189 0.161424
318 0.607245 0.589133 0.083889 0.161424
7 0.706387 0.589133 0.087703 0.169050
320 0.823165 0.598030 0.103908 0.156339
321 0.940896 0.604004 0.087703 0.116937
