15 0.061010 0.458850 0.078170 0.119479
322 0.169209 0.416905 0.075310 0.172863
85 0.279314 0.430251 0.097235 0.166508
270 0.394185 0.446775 0.084843 0.194471
206 0.507626 0.424531 0.098189 0.205910
325 0.660629 0.425167 0.125834 0.151255
326 0.797903 0.419447 0.097235 0.167779
327 0.925167 0.444614 0.124881 0.195742
328 0.056721 0.626374 0.088656 0.172863
329 0.179695 0.647347 0.119161 0.151255
330 0.303146 0.655609 0.081983 0.132189
473 0.397521 0.645440 0.083889 0.149984
331 0.526692 0.667684 0.115348 0.146171
332 0.670162 0.684207 0.125834 0.148713
333 0.801239 0.677216 0.122974 0.162695
334 0.921354 0.706451 0.073403 0.149984
