335 0.132984 0.432158 0.073403 0.162695
366 0.236416 0.442962 0.093422 0.130918
408 0.363680 0.448681 0.107722 0.149984
311 0.476644 0.451223 0.081983 0.106768
312 0.580553 0.448046 0.085796 0.166508
318 0.696854 0.456308 0.080076 0.142358
338 0.807912 0.450588 0.088656 0.191929
339 0.934700 0.474102 0.100095 0.149984
318 0.116301 0.605021 0.072450 0.127105
340 0.232602 0.620273 0.080076 0.134731
341 0.356053 0.625993 0.086749 0.161424
340 0.478551 0.630442 0.085796 0.152526
342 0.582459 0.636797 0.091516 0.139816
77 0.688275 0.642517 0.076263 0.074992
343 0.819352 0.657134 0.102002 0.127105
31 0.940419 0.655227 0.094376 0.158881
