480 0.071497 0.463298 0.118208 0.151255
345 0.214490 0.481093 0.095329 0.163966
68 0.348904 0.479822 0.097235 0.156339
340 0.473785 0.476009 0.102955 0.179218
347 0.582936 0.485542 0.086749 0.157610
348 0.713537 0.491262 0.113441 0.130918
349 0.822212 0.491262 0.081030 0.207181
350 0.936606 0.488719 0.113441 0.179218
351 0.074357 0.683190 0.089609 0.166508
352 0.214013 0.678106 0.090562 0.158881
199 0.342707 0.695901 0.088656 0.214808
353 0.489990 0.691452 0.101049 0.152526
367 0.611058 0.678106 0.099142 0.169050
267 0.719733 0.680013 0.087703 0.139816
355 0.829838 0.676200 0.079123 0.144900
356 0.940896 0.671751 0.097235 0.110582
