357 0.044805 0.445504 0.080076 0.146171
61 0.164442 0.459485 0.092469 0.133460
358 0.269781 0.456308 0.080076 0.134731
427 0.377979 0.458214 0.069590 0.143629
359 0.473785 0.454401 0.083889 0.141087
434 0.564347 0.466476 0.083889 0.114395
240 0.664442 0.460756 0.095329 0.125834
361 0.763108 0.463934 0.077216 0.144900
362 0.873213 0.461392 0.104862 0.160153
363 0.044328 0.635526 0.065777 0.149984
364 0.157769 0.623451 0.077216 0.156339
365 0.269781 0.621544 0.061010 0.109310
336 0.377502 0.619638 0.074357 0.123292
354 0.489514 0.622180 0.082936 0.128376
415 0.571497 0.622815 0.069590 0.139816
369 0.670162 0.622180 0.080076 0.128376
369 0.768351 0.623451 0.070543 0.115666
371 0.888465 0.635526 0.112488 0.142358
