128 0.103908 0.342548 0.087703 0.138545
445 0.213060 0.358437 0.086749 0.137274
94 0.330315 0.346997 0.096282 0.170321
47 0.449952 0.367969 0.081983 0.118208
374 0.561964 0.352081 0.102002 0.134731
375 0.665872 0.353988 0.088656 0.151255
376 0.757388 0.358437 0.058151 0.088974
377 0.834128 0.357801 0.070543 0.128376
378 0.916111 0.380044 0.078170 0.165237
379 0.102479 0.546552 0.109628 0.127105
556 0.215920 0.542104 0.073403 0.125834
380 0.330315 0.554179 0.096282 0.193200
381 0.448046 0.528758 0.062917 0.132189
382 0.550524 0.524309 0.084843 0.123292
380 0.664919 0.530664 0.071497 0.169050
66 0.753575 0.510327 0.063870 0.169050
384 0.834604 0.507150 0.065777 0.155068
385 0.919924 0.534477 0.070543 0.123292
