265 0.085319 0.408008 0.117255 0.155068
387 0.206387 0.421989 0.079123 0.172863
388 0.327455 0.416905 0.096282 0.127105
389 0.442326 0.413727 0.080076 0.136003
390 0.540038 0.408643 0.073403 0.148713
391 0.642993 0.420083 0.063870 0.158881
129 0.734509 0.428344 0.065777 0.104226
393 0.832698 0.423260 0.073403 0.119479
394 0.926120 0.418176 0.065777 0.160153
395 0.072927 0.594852 0.098189 0.139816
284 0.204957 0.592310 0.072450 0.137274
290 0.336511 0.599301 0.074357 0.110582
398 0.458532 0.584684 0.083889 0.119479
399 0.554814 0.588497 0.078170 0.119479
400 0.648236 0.588497 0.076263 0.124563
401 0.754528 0.573244 0.079123 0.144900
402 0.847474 0.580871 0.080076 0.129647
77 0.938990 0.584684 0.068637 0.063553
