47 0.084366 0.476009 0.098189 0.146171
403 0.242135 0.457579 0.091516 0.183031
404 0.377026 0.456308 0.077216 0.149984
405 0.479504 0.462663 0.057197 0.127105
164 0.583413 0.471560 0.070543 0.155068
407 0.683985 0.478551 0.098189 0.181760
408 0.790753 0.455037 0.092469 0.132189
326 0.885129 0.453765 0.052431 0.132189
410 0.955672 0.457579 0.052431 0.170321
330 0.080553 0.659676 0.075310 0.129647
411 0.231649 0.648236 0.097235 0.147442
374 0.377026 0.645694 0.088656 0.101684
373 0.488561 0.652685 0.077216 0.146171
412 0.587703 0.639975 0.071497 0.130918
412 0.691134 0.643152 0.074357 0.134731
413 0.792660 0.650143 0.079123 0.169050
414 0.877979 0.651414 0.062917 0.153797
415 0.953289 0.655227 0.072450 0.143629
