222 0.137274 0.378773 0.093422 0.142358
222 0.236892 0.385129 0.067684 0.129647
482 0.339847 0.387671 0.082936 0.099142
418 0.437083 0.374960 0.086749 0.129647
277 0.542898 0.373054 0.052431 0.136003
420 0.621068 0.365427 0.065777 0.123292
224 0.719733 0.373689 0.072450 0.170321
301 0.799333 0.366063 0.077216 0.081347
423 0.919924 0.362250 0.122021 0.132189
424 0.139180 0.565618 0.093422 0.144900
84 0.246902 0.562440 0.064824 0.090245
31 0.342231 0.538290 0.080076 0.130918
425 0.459962 0.561805 0.096282 0.160153
426 0.560057 0.566889 0.071497 0.106768
262 0.650143 0.564983 0.078170 0.108039
213 0.736892 0.557356 0.057197 0.100413
432 0.826025 0.561805 0.088656 0.109310
430 0.924690 0.554179 0.076263 0.132189
