40 0.105338 0.367334 0.130601 0.198284
168 0.253098 0.408008 0.100095 0.144900
3 0.398951 0.427073 0.124881 0.162695
85 0.539085 0.425802 0.084843 0.155068
42 0.676358 0.442326 0.100095 0.142358
41 0.794566 0.460756 0.107722 0.174134
43 0.918970 0.465205 0.101049 0.160153
365 0.113441 0.609469 0.095329 0.146171
358 0.252145 0.611376 0.092469 0.144900
45 0.404671 0.617731 0.100095 0.139816
46 0.540038 0.629171 0.103908 0.144900
300 0.675882 0.635526 0.099142 0.111853
48 0.802193 0.639975 0.098189 0.151255
49 0.919447 0.651414 0.079123 0.118208
