431 0.068637 0.392755 0.085796 0.122021
432 0.183508 0.409914 0.090562 0.115666
243 0.307912 0.419447 0.091516 0.116937
434 0.405624 0.414998 0.069590 0.115666
173 0.500953 0.422625 0.075310 0.123292
436 0.581030 0.433429 0.073403 0.106768
437 0.674452 0.439784 0.056244 0.124563
239 0.761201 0.446139 0.088656 0.147442
439 0.883222 0.465205 0.124881 0.147442
31 0.054814 0.570067 0.069590 0.113124
440 0.170162 0.561169 0.086749 0.138545
441 0.287417 0.580871 0.067684 0.106768
442 0.390372 0.576422 0.090562 0.110582
443 0.508580 0.578964 0.075310 0.113124
444 0.589133 0.585319 0.068637 0.120750
372 0.676358 0.583413 0.077216 0.111853
446 0.767398 0.590404 0.076263 0.100413
447 0.872736 0.606292 0.077216 0.096600
