120 0.092469 0.396568 0.104862 0.142358
449 0.225929 0.399110 0.091516 0.142358
450 0.339371 0.404194 0.085796 0.122021
451 0.436606 0.399110 0.087703 0.116937
452 0.532412 0.419447 0.073403 0.152526
453 0.638704 0.421989 0.081983 0.137274
454 0.741182 0.411185 0.081030 0.143629
455 0.843184 0.423896 0.082936 0.128376
248 0.937560 0.428344 0.067684 0.134731
74 0.084843 0.575151 0.085796 0.118208
458 0.227836 0.570067 0.102955 0.151255
459 0.359390 0.577693 0.099142 0.113124
460 0.454719 0.563076 0.076263 0.124563
461 0.544805 0.568160 0.075310 0.106768
462 0.656339 0.561169 0.082936 0.110582
463 0.752622 0.556085 0.075310 0.136003
85 0.854623 0.577693 0.067684 0.133460
5 0.938036 0.560534 0.078170 0.122021
