464 0.072450 0.486813 0.076263 0.157610
465 0.186845 0.493168 0.085796 0.129647
15 0.295996 0.518589 0.090562 0.081347
269 0.422784 0.512234 0.073403 0.104226
466 0.523356 0.498888 0.059104 0.113124
435 0.637750 0.497617 0.099142 0.120750
467 0.734032 0.508421 0.061010 0.152526
468 0.849380 0.493168 0.080076 0.122021
346 0.953289 0.498888 0.078170 0.153797
236 0.061964 0.661582 0.076263 0.138545
470 0.186845 0.646330 0.099142 0.113124
471 0.298856 0.645694 0.092469 0.129647
382 0.420877 0.644423 0.058151 0.114395
472 0.540991 0.657134 0.096282 0.129647
473 0.646330 0.648236 0.066730 0.129647
181 0.755481 0.649507 0.090562 0.119479
27 0.868446 0.648872 0.095329 0.120750
