28 0.066730 0.343820 0.087703 0.125834
29 0.173499 0.355895 0.085796 0.142358
30 0.294566 0.369241 0.083889 0.125834
31 0.405148 0.364156 0.083889 0.146171
159 0.505243 0.378773 0.081983 0.127105
375 0.611058 0.380044 0.061010 0.127105
34 0.705910 0.387035 0.092469 0.115666
35 0.828408 0.393391 0.106768 0.133460
36 0.939943 0.386400 0.078170 0.127105
37 0.053861 0.518589 0.084843 0.114395
467 0.171592 0.520496 0.074357 0.148713
39 0.290276 0.505879 0.067684 0.127105
2 0.412297 0.521767 0.094376 0.108039
269 0.513346 0.524944 0.071497 0.104226
476 0.616301 0.526851 0.088656 0.105497
477 0.724500 0.528122 0.089609 0.130918
426 0.833174 0.531300 0.083889 0.096600
389 0.941849 0.522402 0.072450 0.122021
