181 0.059581 0.364156 0.086749 0.125834
27 0.165872 0.367969 0.061010 0.120750
28 0.272641 0.382587 0.066730 0.104226
312 0.372736 0.388306 0.080076 0.141087
30 0.479504 0.388942 0.087703 0.127105
31 0.586273 0.388942 0.068637 0.134731
375 0.782173 0.412456 0.077216 0.123292
159 0.685891 0.400381 0.071497 0.124563
34 0.887989 0.427073 0.090562 0.111853
35 0.051001 0.536384 0.090562 0.116937
36 0.166349 0.526215 0.079123 0.124563
37 0.264061 0.533206 0.070543 0.125834
467 0.374166 0.537655 0.060057 0.137274
39 0.474261 0.537655 0.071497 0.134731
474 0.593899 0.549730 0.101049 0.108039
475 0.699714 0.547823 0.078170 0.111853
476 0.789323 0.552272 0.076263 0.105497
477 0.901335 0.552908 0.105815 0.129647
