267 0.112965 0.407372 0.081030 0.102955
389 0.215920 0.421989 0.071497 0.111853
50 0.313155 0.416269 0.069590 0.120750
15 0.403241 0.428980 0.064824 0.110582
51 0.486654 0.441055 0.079123 0.139816
52 0.575786 0.435335 0.068637 0.108039
53 0.655386 0.449952 0.060057 0.096600
54 0.745472 0.442962 0.074357 0.123292
55 0.844614 0.437242 0.083889 0.129647
353 0.120591 0.585955 0.090562 0.127105
32 0.214013 0.575151 0.065777 0.123292
359 0.317922 0.586590 0.098189 0.125834
3 0.408008 0.582777 0.055291 0.120750
323 0.488084 0.587861 0.049571 0.105497
58 0.582936 0.581506 0.086749 0.108039
59 0.673975 0.579600 0.064824 0.111853
188 0.759771 0.587861 0.078170 0.090245
278 0.846044 0.584684 0.069590 0.122021
