182 0.083889 0.421989 0.108675 0.152526
557 0.201144 0.432158 0.072450 0.111853
330 0.296949 0.437877 0.079123 0.113124
21 0.422307 0.428980 0.110582 0.148713
344 0.530982 0.416269 0.081983 0.130918
481 0.652526 0.416269 0.092469 0.120750
482 0.753098 0.419447 0.081983 0.106768
483 0.850334 0.412456 0.095329 0.120750
484 0.946616 0.408008 0.076263 0.104226
171 0.080076 0.592946 0.095329 0.128376
486 0.200667 0.589768 0.081030 0.116937
259 0.304576 0.592310 0.060057 0.101684
488 0.405148 0.582142 0.095329 0.122021
489 0.534795 0.564347 0.074357 0.132189
490 0.655386 0.569431 0.088656 0.127105
31 0.758341 0.551636 0.073403 0.127105
492 0.856053 0.555450 0.083889 0.132189
