493 0.088656 0.405466 0.104862 0.170321
494 0.202574 0.423896 0.075310 0.108039
495 0.308389 0.423260 0.094376 0.104226
496 0.416587 0.435971 0.061010 0.139816
497 0.494757 0.434700 0.068637 0.106768
498 0.579600 0.437242 0.072450 0.134731
60 0.692564 0.457579 0.081030 0.139816
61 0.795996 0.471560 0.095329 0.134731
62 0.907531 0.474738 0.087703 0.153797
52 0.081983 0.588497 0.083889 0.114395
63 0.204004 0.584684 0.078170 0.119479
64 0.310772 0.579600 0.091516 0.134731
65 0.417064 0.574515 0.054337 0.109310
383 0.498570 0.571338 0.072450 0.118208
67 0.596759 0.575786 0.080076 0.109310
346 0.699237 0.589768 0.069590 0.111853
346 0.786463 0.598665 0.053384 0.114395
69 0.900381 0.610105 0.086749 0.101684
