70 0.092946 0.425167 0.084843 0.158881
214 0.204957 0.460121 0.087703 0.180489
558 0.326978 0.475373 0.081983 0.134731
37 0.432793 0.476009 0.078170 0.143629
335 0.539085 0.481729 0.084843 0.165237
372 0.632507 0.493168 0.071497 0.124563
77 0.721640 0.492533 0.053384 0.064824
343 0.814109 0.514140 0.097235 0.133460
342 0.918017 0.510963 0.080076 0.132189
79 0.081506 0.640610 0.086749 0.127105
154 0.188275 0.629806 0.092469 0.120750
357 0.310296 0.637432 0.079123 0.138545
43 0.429933 0.640610 0.087703 0.132189
173 0.541468 0.638704 0.089609 0.128376
78 0.658723 0.644423 0.087703 0.114395
47 0.755005 0.644423 0.066730 0.124563
499 0.829361 0.651414 0.070543 0.123292
500 0.918017 0.641246 0.076263 0.115666
