50 0.049094 0.425802 0.079123 0.172863
15 0.193518 0.452494 0.095329 0.099142
51 0.346044 0.446139 0.118208 0.218621
52 0.519542 0.474102 0.112488 0.183031
53 0.660153 0.488719 0.077216 0.179218
54 0.786463 0.491897 0.099142 0.172863
55 0.925643 0.494439 0.095329 0.193200
56 0.053384 0.668573 0.093422 0.167779
32 0.203051 0.669844 0.091516 0.165237
359 0.346997 0.679377 0.127741 0.186845
159 0.510486 0.713060 0.098189 0.170321
323 0.667779 0.720686 0.071497 0.122021
58 0.779314 0.725771 0.111535 0.170321
59 0.912774 0.729584 0.105815 0.177947
