60 0.115825 0.438513 0.092469 0.180489
61 0.261201 0.458214 0.116301 0.153797
62 0.409914 0.456943 0.114395 0.186845
52 0.560057 0.471560 0.094376 0.149984
63 0.679218 0.474102 0.082936 0.129647
64 0.808389 0.479822 0.108675 0.138545
65 0.917541 0.482364 0.086749 0.151255
383 0.119638 0.633619 0.094376 0.153797
67 0.265014 0.639975 0.108675 0.151255
346 0.409438 0.648236 0.088656 0.157610
346 0.559104 0.645694 0.075310 0.152526
69 0.690181 0.664760 0.114395 0.175405
70 0.807912 0.653956 0.073403 0.136003
51 0.910867 0.674293 0.090562 0.176676
