62 0.154433 0.402288 0.122021 0.212266
71 0.287417 0.446139 0.090562 0.213537
12 0.424690 0.421354 0.075310 0.153797
72 0.517636 0.441055 0.080076 0.221163
73 0.634414 0.453130 0.105815 0.191929
457 0.760248 0.468383 0.079123 0.163966
59 0.874166 0.470925 0.116301 0.179218
24 0.147283 0.657769 0.073403 0.184303
358 0.292660 0.667302 0.112488 0.142358
311 0.408484 0.673657 0.103908 0.127105
76 0.523832 0.693994 0.103908 0.177947
77 0.636320 0.687003 0.079123 0.074992
334 0.755005 0.709247 0.055291 0.147442
49 0.880362 0.729584 0.119161 0.147442
