78 0.111535 0.409279 0.129647 0.152526
47 0.238322 0.432158 0.089609 0.124563
79 0.341754 0.418812 0.088656 0.148713
71 0.453289 0.457579 0.094376 0.218621
17 0.576263 0.432158 0.082936 0.198284
80 0.698761 0.463298 0.089609 0.163966
81 0.809819 0.447410 0.121068 0.162695
102 0.105815 0.666667 0.123928 0.146171
293 0.240705 0.659040 0.102002 0.158881
84 0.363203 0.664125 0.080076 0.110582
323 0.469018 0.674293 0.062917 0.143629
111 0.593899 0.661582 0.074357 0.163966
87 0.705910 0.671751 0.103908 0.141087
321 0.828885 0.671115 0.084843 0.122021
