89 0.081506 0.389577 0.098189 0.166508
90 0.221640 0.404194 0.090562 0.195742
17 0.336511 0.417541 0.087703 0.174134
91 0.494757 0.428344 0.127741 0.175405
92 0.645853 0.444233 0.105815 0.156339
93 0.779314 0.451859 0.082936 0.191929
69 0.902765 0.493168 0.118208 0.172863
77 0.094376 0.609469 0.095329 0.069908
94 0.223546 0.645059 0.090562 0.156339
12 0.332221 0.646965 0.069590 0.175405
95 0.474261 0.657134 0.084843 0.167779
96 0.658246 0.659676 0.109628 0.167779
346 0.774547 0.647601 0.067684 0.176676
97 0.900381 0.673022 0.109628 0.115666
